6.406000000 24
9.123000000 24
9.214000000 24
9.311000000 24
9.406000000 24
9.500000000 24
9.592000000 24
9.685000000 24
9.778000000 24
9.872000000 24
9.966000000 24
10.059000000 24
10.153000000 24
12.873000000 25
12.972000000 25
13.072000000 25
13.170000000 25
13.264000000 25
13.356000000 25
16.078000000 25
16.174000000 25
16.262000000 25
16.359000000 25
16.455000000 25
16.551000000 25
16.644000000 25
16.740000000 25
19.457000000 24
19.553000000 25
22.253000000 25
22.349000000 25
22.446000000 25
22.542000000 25
22.636000000 25
22.732000000 25
22.828000000 25
22.923000000 25
23.018000000 25
23.112000000 25
23.207000000 25
23.302000000 25
23.397000000 25
23.493000000 25
23.585000000 25
23.680000000 25
23.774000000 25
23.869000000 25
23.963000000 25
24.053000000 25
24.148000000 25
24.243000000 25
24.338000000 25
24.424000000 25
24.519000000 25
24.612000000 25
24.707000000 25
24.800000000 25
24.897000000 25
24.992000000 24
25.086000000 24
27.766000000 25
30.378000000 25
30.471000000 25
30.565000000 26
30.659000000 26
30.753000000 26
30.844000000 26
30.937000000 26
31.031000000 26
31.127000000 26
31.219000000 26
31.311000000 26
31.403000000 26
31.499000000 26
31.593000000 26
31.687000000 26
31.778000000 26
31.874000000 26
31.969000000 26
32.064000000 26
32.158000000 26
32.251000000 26
32.347000000 26
32.440000000 26
32.531000000 26
32.627000000 27
32.722000000 27
32.815000000 27
32.910000000 27
33.005000000 27
33.099000000 27
33.193000000 27
35.911000000 27
36.008000000 27
36.103000000 27
36.198000000 27
36.293000000 27
36.383000000 27
36.478000000 27
36.568000000 27
36.663000000 27
36.756000000 27
36.845000000 27
36.937000000 27
37.028000000 27
37.120000000 27
37.215000000 27
37.305000000 27
37.396000000 27
37.491000000 27
37.584000000 27
37.678000000 27
37.774000000 27
37.863000000 27
37.958000000 27
38.052000000 27
38.146000000 27
38.241000000 27
38.336000000 27
38.427000000 27
38.522000000 27
38.611000000 27
38.705000000 27
38.793000000 27
38.890000000 27
38.984000000 27
39.075000000 27
39.168000000 27
39.261000000 27
39.354000000 27
39.449000000 27
39.541000000 27
39.637000000 27
39.731000000 27
39.816000000 27
39.906000000 27
40.000000000 27
40.096000000 27
40.185000000 27
40.279000000 27
40.369000000 27
40.462000000 27
40.555000000 27
40.648000000 27
40.742000000 27
40.837000000 27
40.929000000 27
41.020000000 27
41.113000000 27
41.203000000 27
41.297000000 27
41.393000000 27
41.485000000 27
41.579000000 27
41.672000000 27
41.767000000 27
41.862000000 27
41.957000000 27
42.052000000 27
42.145000000 27
42.239000000 27
42.330000000 27
42.423000000 27
42.518000000 27
42.611000000 27
42.705000000 27
42.797000000 27
42.888000000 27
42.978000000 27
43.071000000 27
43.167000000 27
43.260000000 27
43.354000000 27
43.444000000 27
43.538000000 27
43.632000000 27
43.725000000 27
43.819000000 27
43.915000000 27
44.007000000 27
44.102000000 27
44.196000000 27
44.291000000 27
44.384000000 27
44.470000000 27
44.564000000 27
44.658000000 27
44.754000000 27
44.848000000 27
44.939000000 27
45.031000000 27
45.123000000 27
45.219000000 27
45.309000000 27
45.396000000 27
45.488000000 27
45.582000000 27
45.677000000 27
45.774000000 27
45.861000000 27
45.954000000 27
46.046000000 27
