-1 4 
-2 3.8 
-2 3.8 
-2 3.8 
-2 3.8 
-2 3.8 
-2 3.8 
-2 3.8 
-2 3.8 
-2 3.8 
-2 3.8 
-2 3.8 
-2 3.8 
-2 3.8 
-2.2 3.5 
-2.2 3.5 
-2.2 3.5 
-2.2 3.5 
-2.2 3.5 
-2.2 3.5 
-2.2 3.5 
-2.2 3.5 
-2.2 3.5 
-2.2 3.5 
-2.2 3.5 
-2.2 3.5 
-2.2 3.5 
-2.2 3.5 
-3 2.6 
-3 2.6 
-3 2.6 
-3 2.6 
-3 2.6 
-3 2.6 
-3 2.6 
-3 2.6 
-3 2.6 
-3 2.6 
-3 2.6 
-3 2.6 
-3 2.6 
-3 2.6 
-3 2.6 
-3 2.6 
-3 2.6 
-3 2.6 
-3 2.6 
-3 2.6 
-3 2.6 
-3 2.6 
-3 2.6 
-3 2.6 
-3 2.6 
-3 2.6 
-3 2.6 
-3 2.6 
-3 2.6 
-3 2.6 
-3 2.6 
-3 2.6 
-3 2.6 
-2.9 2.6 
-2.9 2.6 
-2.9 2.6 
-2.9 2.6 
-2.9 2.6 
-2.9 2.6 
-2.9 2.6 
-2.9 2.6 
-2.9 2.6 
-2.9 2.6 
-2.9 2.6 
-2.9 2.6 
-2.9 2.6 
-2.9 2.6 
-2.9 2.6 
-2.9 2.6 
-2.9 2.6 
-2.9 2.6 
-2.9 2.6 
-2.9 2.6 
-2.9 2.6 
-2.9 2.6 
-2.9 2.6 
-2.9 2.6 
-2.9 2.6 
-2.9 2.6 
-2.9 2.6 
-2.9 2.6 
-2.9 2.6 
-2.9 2.6 
-2.9 2.6 
-2.9 2.6 
-2.9 2.6 
-2.9 2.6 
-2.9 2.6 
-2.9 2.6 
-2.9 2.6 
-2.9 2.6 
-2.9 2.6 
-2.9 2.6 
-2.9 2.6 
-2.9 2.6 
-2.9 2.6 
-2.9 2.6 
-2.9 2.6 
-2.9 2.6 
-2.9 2.6 
-2.9 2.6 
-2.9 2.6 
-2.9 2.6 
-2.9 2.6 
-2.9 2.6 
-2.9 2.6 
-2.9 2.6 
-2.9 2.6 
-2.9 2.6 
-2.9 2.6 
-2.9 2.6 
-2.9 2.6 
-2.9 2.6 
-2.9 2.6 
-2.9 2.6 
-2.9 2.6 
-2.9 2.6 
-2.9 2.6 
-2.9 2.6 
-2.9 2.6 
-2.9 2.6 
-2.9 2.6 
-2.9 2.6 
-2.9 2.6 
-2.9 2.6 
-2.9 2.6 
-2.9 2.6 
-2.9 2.6 
-2.9 2.6 
-2.9 2.6 
-2.9 2.6 
-2.9 2.6 
-2.9 2.6 
-2.9 2.6 
-2.9 2.6 
-2.9 2.6 
-2.9 2.6 
-2.9 2.6 
-2.9 2.6 
-2.9 2.6 
-2.9 2.6 
-2.9 2.6 
-2.9 2.6 
-2.9 2.6 
-2.9 2.6 
-2.9 2.6 
-2.9 2.6 
-2.9 2.6 
-2.9 2.6 
-2.9 2.6 
-2.9 2.6 
-2.9 2.6 
-2.9 2.6 
-2.9 2.6 
-2.9 2.6 
-2.9 2.6 
-2.9 2.6 
-2.9 2.6 
-2.9 2.6 
-2.9 2.6 
-2.9 2.6 
-2.9 2.6 
-2.9 2.6 
-2.9 2.6 
-2.9 2.6 
-2.9 2.6 
-2.9 2.6 
-2.9 2.6 
-2.9 2.6 
-2.9 2.6 
-2.9 2.6 
-2.9 2.6 
-2.9 2.6 
-2.9 2.6 
-2.9 2.6 
-2.9 2.6 
-2.9 2.6 
-2.9 2.6 
-2.9 2.6 
-2.9 2.6 
-2.9 2.6 
-2.9 2.6 
-2.9 2.6 
-2.9 2.6 
-2.9 2.6 
-2.9 2.6 
-2.9 2.6 
-2.9 2.6 
-2.9 2.6 
-2.9 2.6 
-2.9 2.6 
-2.9 2.6 
-2.9 2.6 
-2.9 2.6 
-2.9 2.6 
