2 5 
2 5 
2 5 
2 5 
2 5 
2 5 
2 5 
2 5 
2 5 
2 5 
2 5 
2 5 
2 5 
2 5 
2 5 
2 5 
2 5 
2 5 
2 5 
2 5 
1.5 4.7 
1.5 4.7 
1.5 4.7 
1.5 4.7 
1.5 4.7 
1.5 4.7 
1.5 4.7 
1.5 4.7 
1.4 4.7 
1.4 4.7 
1.4 4.7 
1.4 4.7 
1.4 4.7 
1.4 4.7 
1.4 4.7 
1.4 4.7 
1.4 4.7 
1.4 4.7 
1.4 4.7 
1.4 4.7 
1.4 4.7 
1.4 4.7 
1.4 4.7 
1.4 4.7 
1.4 4.7 
1.4 4.7 
1.4 4.7 
1.4 4.7 
1.4 4.7 
1.4 4.7 
1.4 4.7 
1.4 4.7 
1.4 4.7 
1.4 4.7 
1.4 4.7 
1.4 4.7 
1.4 4.7 
1.4 4.7 
1.4 4.7 
1.4 4.7 
1.4 4.7 
0.82 4.7 
-0.33 4.6 
-0.33 4.6 
-0.33 4.6 
-0.33 4.6 
-0.33 4.6 
-0.33 4.6 
-0.33 4.6 
-0.33 4.6 
-0.33 4.6 
-0.33 4.6 
-0.33 4.6 
-0.33 4.6 
-0.33 4.6 
-0.33 4.6 
-0.33 4.6 
-0.33 4.6 
-0.33 4.6 
-0.33 4.6 
-0.33 4.6 
-0.33 4.6 
-0.33 4.6 
-0.33 4.6 
-0.33 4.6 
-0.33 4.6 
-0.33 4.6 
-0.33 4.6 
-0.33 4.6 
-0.33 4.6 
-0.33 4.6 
-0.33 4.6 
-0.33 4.6 
-0.33 4.6 
-0.33 4.6 
-0.33 4.6 
-0.33 4.6 
-0.33 4.6 
-0.33 4.6 
-0.33 4.6 
-0.33 4.6 
-0.33 4.6 
-0.33 4.6 
-0.33 4.6 
-0.33 4.6 
-0.33 4.6 
-0.33 4.6 
-0.33 4.6 
-0.33 4.6 
-0.33 4.6 
-0.33 4.6 
-0.33 4.6 
-0.33 4.6 
-0.33 4.6 
-0.33 4.6 
-0.33 4.6 
-0.33 4.6 
-0.33 4.6 
-0.33 4.6 
-0.33 4.6 
-0.33 4.6 
-0.33 4.6 
-0.33 4.6 
-0.33 4.6 
-0.33 4.6 
-0.33 4.6 
-0.33 4.6 
-0.33 4.6 
-0.33 4.6 
-0.33 4.6 
-0.33 4.6 
-0.33 4.6 
-0.33 4.6 
-0.33 4.6 
-0.33 4.6 
-0.33 4.6 
-0.33 4.6 
-0.33 4.6 
-0.33 4.6 
-0.33 4.6 
-0.33 4.6 
-0.33 4.6 
-0.33 4.6 
-0.33 4.6 
-0.33 4.6 
-0.33 4.6 
-0.33 4.6 
-0.33 4.6 
-0.33 4.6 
-0.33 4.6 
-0.33 4.6 
-0.33 4.6 
-0.33 4.6 
-0.33 4.6 
-0.33 4.6 
-0.33 4.6 
-0.33 4.6 
-0.33 4.6 
-0.33 4.6 
-0.33 4.6 
-0.33 4.6 
-0.33 4.6 
-0.33 4.6 
-0.33 4.6 
-0.33 4.6 
-0.33 4.6 
-0.34 4.6 
-0.34 4.6 
-0.34 4.6 
-0.34 4.6 
-0.34 4.6 
-0.34 4.6 
-0.34 4.6 
-0.34 4.6 
-0.34 4.6 
-0.34 4.6 
-0.34 4.6 
-0.34 4.6 
-0.34 4.6 
-0.34 4.6 
-0.34 4.6 
-0.34 4.6 
-0.34 4.6 
-0.34 4.6 
-0.34 4.6 
-0.34 4.6 
-0.34 4.6 
-0.34 4.6 
-0.34 4.6 
-0.34 4.6 
-0.34 4.6 
-0.34 4.6 
-0.34 4.6 
-0.34 4.6 
-0.34 4.6 
-0.34 4.6 
-0.34 4.6 
-0.34 4.6 
-0.34 4.6 
-0.34 4.6 
-0.34 4.6 
-0.34 4.6 
-0.34 4.6 
