0 -2.3e-06 
-0.22 -0.95 
-0.64 -1.4 
-0.65 -1.4 
-0.65 -1.4 
-0.65 -1.4 
-0.65 -1.4 
-0.65 -1.4 
-0.65 -1.4 
-0.65 -1.4 
-0.65 -1.4 
-0.65 -1.4 
-0.65 -1.4 
-0.65 -1.4 
-0.83 -2 
-0.83 -2 
-0.83 -2 
-0.83 -2 
-0.83 -2 
-0.83 -2 
-0.83 -2 
-0.83 -2 
-0.83 -2 
-0.83 -2 
-0.83 -2 
-0.83 -2 
-0.83 -2 
-0.83 -2 
-0.83 -2 
-0.83 -2 
-0.67 -2.6 
-0.67 -2.6 
-0.67 -2.6 
-0.67 -2.6 
-0.67 -2.6 
-0.67 -2.6 
-0.67 -2.6 
-0.67 -2.6 
-0.67 -2.6 
-0.67 -2.6 
-0.67 -2.6 
-0.67 -2.6 
-0.67 -2.6 
-0.67 -2.6 
-0.67 -2.6 
-0.67 -2.6 
-0.67 -2.6 
-0.67 -2.6 
-0.67 -2.6 
-0.67 -2.6 
-0.67 -2.6 
-0.67 -2.6 
-0.67 -2.6 
-0.67 -2.6 
-0.67 -2.6 
-0.67 -2.6 
-0.67 -2.6 
-0.67 -2.6 
-0.67 -2.6 
-0.67 -2.6 
-0.67 -2.6 
-0.67 -2.6 
-0.67 -2.6 
-0.67 -2.6 
-0.67 -2.6 
-0.67 -2.6 
-0.67 -2.6 
-0.67 -2.6 
-0.67 -2.6 
-0.67 -2.6 
-0.67 -2.6 
-0.67 -2.6 
-0.67 -2.6 
-0.67 -2.6 
-0.67 -2.6 
-0.67 -2.6 
-0.67 -2.6 
-0.67 -2.6 
-0.67 -2.6 
-0.67 -2.6 
-0.67 -2.6 
-0.67 -2.6 
-0.67 -2.6 
-0.67 -2.6 
-0.67 -2.6 
-0.67 -2.6 
-0.67 -2.6 
-0.67 -2.6 
-0.67 -2.6 
-0.67 -2.6 
-0.67 -2.6 
-0.67 -2.6 
-0.67 -2.6 
-0.2 -3.2 
-0.2 -3.2 
-0.2 -3.2 
-0.2 -3.2 
-0.2 -3.2 
-0.2 -3.2 
-0.2 -3.2 
-0.2 -3.2 
-0.2 -3.2 
-0.2 -3.2 
-0.2 -3.2 
-0.2 -3.2 
-0.2 -3.2 
-0.2 -3.2 
-0.2 -3.2 
-0.2 -3.2 
-0.2 -3.2 
-0.2 -3.2 
-0.2 -3.2 
-0.2 -3.2 
-0.2 -3.2 
-0.2 -3.2 
-0.2 -3.2 
-0.2 -3.2 
-0.2 -3.2 
-0.2 -3.2 
-0.2 -3.2 
-0.2 -3.2 
-0.2 -3.2 
-0.2 -3.2 
-0.2 -3.2 
-0.2 -3.2 
-0.2 -3.2 
-0.2 -3.2 
-0.2 -3.2 
-0.2 -3.2 
-0.2 -3.2 
-0.2 -3.2 
-0.2 -3.2 
-0.2 -3.2 
-0.2 -3.2 
-0.2 -3.2 
-0.2 -3.2 
-0.2 -3.2 
-0.2 -3.2 
-0.2 -3.2 
-0.2 -3.2 
-0.2 -3.2 
-0.2 -3.2 
-0.2 -3.2 
-0.2 -3.2 
-0.2 -3.2 
-0.2 -3.2 
-0.2 -3.2 
-0.2 -3.2 
-0.2 -3.2 
-0.2 -3.2 
-0.2 -3.2 
-0.2 -3.2 
-0.2 -3.2 
-0.2 -3.2 
-0.2 -3.2 
-0.2 -3.2 
-0.2 -3.2 
-0.2 -3.2 
-0.2 -3.2 
-0.2 -3.2 
-0.2 -3.2 
-0.2 -3.2 
-0.2 -3.2 
-0.2 -3.2 
-0.2 -3.2 
-0.2 -3.2 
-0.2 -3.2 
-0.2 -3.2 
-0.2 -3.2 
-0.2 -3.2 
-0.2 -3.2 
-0.2 -3.2 
-0.2 -3.2 
-0.2 -3.2 
-0.2 -3.2 
-0.2 -3.2 
-0.2 -3.2 
-0.2 -3.2 
-0.2 -3.2 
-0.2 -3.2 
-0.2 -3.2 
-0.2 -3.2 
-0.2 -3.2 
-0.2 -3.2 
-0.2 -3.2 
-0.2 -3.2 
-0.2 -3.2 
-0.2 -3.2 
-0.2 -3.2 
-0.2 -3.2 
-0.2 -3.2 
-0.2 -3.2 
-0.2 -3.2 
-0.2 -3.2 
-0.2 -3.2 
-0.2 -3.2 
-0.2 -3.2 
-0.2 -3.2 
-0.2 -3.2 
-0.2 -3.2 
-0.2 -3.2 
-0.2 -3.2 
-0.2 -3.2 
