5.487000000 24
8.217000000 25
10.954000000 25
11.058000000 24
11.160000000 24
11.259000000 24
11.359000000 24
14.090000000 24
14.192000000 24
16.937000000 25
17.039000000 24
17.139000000 24
17.242000000 24
19.975000000 25
22.689000000 27
22.793000000 27
22.897000000 27
23.000000000 27
23.103000000 27
23.205000000 27
23.309000000 28
23.410000000 28
23.513000000 28
23.616000000 28
23.715000000 28
23.816000000 28
23.919000000 28
24.021000000 28
24.119000000 28
26.813000000 28
26.913000000 27
27.014000000 27
27.118000000 27
27.219000000 27
27.318000000 27
27.418000000 27
27.519000000 27
27.620000000 27
27.721000000 27
27.820000000 27
27.923000000 27
28.025000000 27
28.127000000 27
28.228000000 27
28.327000000 27
28.428000000 27
28.528000000 27
28.626000000 27
28.724000000 27
28.827000000 27
28.926000000 27
29.024000000 27
29.124000000 27
31.878000000 28
34.590000000 29
34.697000000 30
34.804000000 30
34.910000000 30
35.013000000 30
35.115000000 30
35.219000000 30
35.323000000 30
35.425000000 30
35.529000000 30
35.624000000 30
35.730000000 30
35.835000000 30
35.933000000 30
36.029000000 30
36.133000000 30
36.230000000 30
36.332000000 30
36.433000000 30
36.533000000 30
36.634000000 30
36.737000000 30
36.842000000 30
36.948000000 30
37.047000000 30
37.148000000 30
37.249000000 30
37.352000000 30
37.455000000 30
37.558000000 30
37.663000000 30
37.767000000 30
37.865000000 30
37.961000000 30
38.068000000 30
38.169000000 30
38.274000000 30
38.378000000 30
38.484000000 30
38.588000000 30
38.684000000 30
38.789000000 30
38.888000000 30
38.991000000 30
39.086000000 30
39.191000000 30
39.297000000 30
39.400000000 30
39.503000000 30
39.603000000 30
39.708000000 30
39.813000000 30
39.918000000 30
40.023000000 30
40.127000000 30
40.228000000 30
40.332000000 30
