4 -1 
4 -1 
4 -1 
4.3 -0.72 
4.3 -0.72 
4.3 -0.72 
4.3 -0.72 
4.3 -0.72 
4.3 -0.72 
4.3 -0.72 
4.3 -0.72 
4.3 -0.72 
4.3 -0.72 
4.3 -0.72 
4.5 -0.13 
4.5 -0.13 
4.5 -0.13 
4.5 -0.13 
4.5 -0.13 
4.5 -0.13 
4.5 -0.13 
4.5 -0.13 
4.5 -0.13 
4.5 -0.13 
4.5 -0.13 
4.5 -0.13 
4.5 -0.13 
4.5 -0.13 
4.5 -0.13 
4.5 -0.13 
4.5 -0.13 
4.5 -0.13 
4.5 -0.13 
4.5 -0.13 
4.5 -0.13 
4.5 -0.13 
4.5 -0.13 
4.5 -0.13 
4.5 -0.13 
4.5 -0.13 
4.5 -0.13 
4.5 -0.13 
4.5 -0.13 
4.5 -0.13 
4.5 -0.13 
4.5 -0.13 
4.5 -0.13 
4.5 -0.13 
4.5 -0.13 
4.5 -0.13 
4.5 -0.13 
4.5 -0.13 
4.5 -0.13 
4.5 -0.13 
4.5 -0.13 
4.5 -0.13 
4.5 -0.13 
4.5 -0.13 
4.5 -0.13 
4.5 -0.13 
4.5 -0.13 
4.5 -0.13 
4.5 -0.13 
4.5 -0.13 
4.5 -0.13 
4.5 -0.13 
4.5 -0.13 
4.5 -0.13 
4.5 -0.13 
4.5 -0.13 
4.5 -0.13 
4.5 -0.13 
4.5 -0.13 
4.5 -0.13 
4.5 -0.13 
4.5 -0.13 
4.5 -0.13 
4.5 -0.13 
4.5 -0.13 
4.5 -0.13 
4.5 -0.13 
4.5 -0.13 
4.5 -0.13 
4.5 -0.13 
4.5 -0.13 
4.5 -0.13 
4.5 -0.13 
4.5 -0.13 
4.5 -0.13 
4.5 -0.13 
4.5 -0.13 
4.5 -0.13 
4.5 -0.13 
4.5 -0.13 
4.5 -0.13 
4.5 -0.13 
4.5 -0.13 
4.5 -0.13 
4.5 -0.13 
4.5 -0.13 
4.5 -0.13 
4.5 -0.13 
4.5 -0.13 
4.5 -0.13 
4.5 -0.13 
4.5 -0.13 
4.5 -0.13 
4.5 -0.13 
4.5 -0.13 
4.5 -0.13 
4.5 -0.13 
4.5 -0.13 
