-1 4 
-2 3.8 
-2.5 4.1 
-3.3 4.1 
-3.3 4.1 
-3.3 4.1 
-3.3 4.1 
-3.3 4.1 
-3.3 4.1 
-3.3 4.1 
-3.3 4.1 
-3.3 4.1 
-3.3 4.1 
-3.3 4.1 
-3.7 3.8 
-3.9 3.3 
-3.9 3.3 
-3.9 3.3 
-3.9 3.3 
-3.9 3.3 
-3.9 3.3 
-3.9 3.3 
-3.9 3.3 
-3.9 3.3 
-3.9 3.3 
-3.9 3.3 
-3.9 3.3 
-3.9 3.3 
-3.9 3.3 
-3.9 3.3 
-3.9 3.3 
-3.9 3.3 
-3.9 3.3 
-3.9 3.3 
-3.9 3.3 
-3.9 3.3 
-3.9 3.3 
-3.9 3.3 
-3.9 3.3 
-3.9 3.3 
-3.9 3.3 
-3.9 3.3 
-3.9 3.3 
-3.9 3.3 
-3.9 3.3 
-3.9 3.3 
-3.9 3.3 
-3.9 3.3 
-3.9 3.3 
-3.9 3.3 
-3.9 3.3 
-3.9 3.3 
-3.9 3.3 
-3.9 3.3 
-3.9 3.3 
-3.9 3.3 
-3.9 3.3 
-3.9 3.3 
-3.9 3.3 
-3.9 3.3 
-3.9 3.3 
-3.9 3.3 
-3.9 3.3 
-3.9 3.3 
-3.9 3.3 
-3.9 3.3 
-3.9 3.3 
-3.9 3.3 
-3.9 3.3 
-3.9 3.3 
-3.9 3.3 
-3.9 3.3 
-3.9 3.3 
-3.9 3.3 
-3.9 3.3 
-3.9 3.3 
-3.9 3.3 
-3.9 3.3 
-3.9 3.3 
-3.9 3.3 
-3.9 3.3 
-3.9 3.3 
-3.9 3.3 
-3.9 3.3 
-3.9 3.3 
-3.9 3.3 
-3.9 3.3 
-3.9 3.3 
-3.9 3.3 
-3.9 3.3 
-3.9 3.3 
-3.9 3.3 
-3.9 3.3 
-3.9 3.3 
-3.9 3.3 
-3.9 3.3 
-3.9 3.3 
-3.9 3.3 
-3.9 3.3 
-3.9 3.3 
-3.9 3.3 
-3.9 3.3 
-3.9 3.3 
-3.9 3.3 
-3.9 3.3 
-3.9 3.3 
-3.9 3.3 
-3.9 3.3 
-3.9 3.3 
-3.9 3.3 
-3.9 3.3 
-3.9 3.3 
