2 5 
2 5 
0.84 5 
0.84 5 
0.84 5 
0.84 5 
0.84 5 
0.84 5 
0.52 4.7 
0.52 4.7 
0.52 4.7 
0.52 4.7 
0.52 4.7 
0.52 4.7 
0.52 4.7 
0.52 4.7 
0.52 4.7 
0.52 4.7 
0.52 4.7 
0.52 4.7 
0.52 4.7 
0.52 4.7 
0.52 4.7 
0.52 4.7 
0.52 4.7 
0.52 4.7 
0.52 4.7 
0.52 4.7 
0.52 4.7 
0.52 4.7 
0.52 4.7 
0.52 4.7 
0.52 4.7 
0.52 4.7 
0.52 4.7 
0.52 4.7 
0.52 4.7 
0.52 4.7 
0.52 4.7 
0.52 4.7 
0.52 4.7 
0.52 4.7 
0.52 4.7 
0.52 4.7 
0.52 4.7 
0.52 4.7 
0.52 4.7 
0.52 4.7 
0.52 4.7 
0.52 4.7 
0.52 4.7 
0.52 4.7 
0.52 4.7 
0.52 4.7 
-0.12 4 
-0.81 3.6 
-0.82 3.6 
-0.82 3.6 
-0.82 3.6 
-0.82 3.6 
-0.82 3.6 
-0.82 3.6 
-0.82 3.6 
-0.82 3.6 
-0.82 3.6 
-0.82 3.6 
-0.82 3.6 
-0.82 3.6 
-0.82 3.6 
-0.82 3.6 
-0.82 3.6 
-0.82 3.6 
-0.82 3.6 
-0.82 3.6 
-0.82 3.6 
-0.82 3.6 
-0.82 3.6 
-0.82 3.6 
-0.82 3.6 
-0.82 3.6 
-0.82 3.6 
-0.82 3.6 
-0.82 3.6 
-0.82 3.6 
-0.82 3.6 
-0.82 3.6 
-0.82 3.6 
-0.82 3.6 
-0.82 3.6 
-0.82 3.6 
-0.82 3.6 
-0.82 3.6 
-0.82 3.6 
-0.82 3.6 
-0.82 3.6 
-0.82 3.6 
-0.82 3.6 
-0.82 3.6 
-0.82 3.6 
-0.82 3.6 
-0.82 3.6 
-0.82 3.6 
-0.82 3.6 
-0.82 3.6 
-0.82 3.6 
-0.82 3.6 
-0.82 3.6 
-0.82 3.6 
-0.82 3.6 
-0.82 3.6 
-0.82 3.6 
-0.82 3.6 
