0 -1.6e-06 
-0.22 -0.95 
-0.22 -0.96 
-0.22 -0.96 
-0.22 -0.96 
-0.22 -0.96 
-0.22 -0.96 
-0.22 -0.96 
-0.22 -0.96 
-0.22 -0.96 
-0.67 -1.8 
-0.68 -1.8 
-0.68 -1.8 
-0.68 -1.8 
-0.68 -1.8 
-0.68 -1.8 
-0.68 -1.8 
-0.68 -1.8 
-0.68 -1.8 
-0.68 -1.8 
-0.68 -1.8 
-0.68 -1.8 
-0.68 -1.8 
-0.68 -1.8 
-0.68 -1.8 
-0.68 -1.8 
-0.68 -1.8 
-0.68 -1.8 
-0.68 -1.8 
-0.68 -1.8 
-0.64 -2.5 
-0.64 -2.5 
-0.64 -2.5 
-0.64 -2.5 
-0.64 -2.5 
-0.64 -2.5 
-0.64 -2.5 
-0.64 -2.5 
-0.64 -2.5 
-0.64 -2.5 
-0.64 -2.5 
-0.64 -2.5 
-0.64 -2.5 
-0.64 -2.5 
-0.64 -2.5 
-0.64 -2.5 
-0.64 -2.5 
-0.64 -2.5 
-0.64 -2.5 
-0.64 -2.5 
-0.64 -2.5 
-0.64 -2.5 
-0.64 -2.5 
-0.64 -2.5 
-0.64 -2.5 
-0.64 -2.5 
-0.64 -2.5 
-0.64 -2.5 
-0.64 -2.5 
-0.64 -2.5 
-0.64 -2.5 
-0.64 -2.5 
-0.64 -2.5 
-0.64 -2.5 
-0.64 -2.5 
-0.64 -2.5 
-0.64 -2.5 
-0.64 -2.5 
-0.64 -2.5 
-0.64 -2.5 
-0.64 -2.5 
-0.64 -2.5 
-0.64 -2.5 
-0.64 -2.5 
-0.64 -2.5 
-0.64 -2.5 
-0.64 -2.5 
-0.64 -2.5 
-0.64 -2.5 
-0.64 -2.5 
-0.64 -2.5 
-0.64 -2.5 
-0.64 -2.5 
-0.64 -2.5 
-0.64 -2.5 
-0.64 -2.5 
-0.64 -2.5 
-0.64 -2.5 
-0.64 -2.5 
-0.64 -2.5 
-0.64 -2.5 
-0.64 -2.5 
-0.64 -2.5 
-0.64 -2.5 
-0.64 -2.5 
-0.64 -2.5 
-0.64 -2.5 
-0.64 -2.5 
-0.64 -2.5 
-0.64 -2.5 
-0.64 -2.5 
-0.64 -2.5 
-0.64 -2.5 
-0.64 -2.5 
-0.64 -2.5 
-0.64 -2.5 
-0.64 -2.5 
-0.64 -2.5 
-0.64 -2.5 
-0.64 -2.5 
-0.64 -2.5 
-0.64 -2.5 
