4 -3 4 2 -5.1 -3.2 -5 3 -1 -3 -3 6 -3 1 1 -2 0 8.3 2 3 0 2 6.1 -1.9 6 1 2 -3 -1 -4 5 5 1 -5 1 7 -1 -1 -4 -4 3 6 -4 0 -1.2 2.1 1 0 -4 5 6 0 -5 1 -1 6 1 -3 8 1 
4 -3 4 2 -4.7 -2.5 -5 3 -0.98 -3 -3 6 -3 0.99 1 -2 0 7.4 2 3 -0.047 2 5.7 -2.3 6 1 2 -3 -1 -4 5 5.1 1 -5 1 7 -1 -1 -4 -4 3 6 -4 -0.013 -0.55 1.8 1 0 -4 5 6 0 -5 1 -1 6 1 -3 8 0.99 
4 -3 4 2 -3.9 -1.4 -5 3 -0.93 -3.2 -3 6 -3.1 0.95 1 -2 0 5.8 2 3 -0.2 2 4.9 -3.1 6 1 2 -3 -1 -4 5 5.3 1 -5.1 1 7.1 -1 -1 -4 -4 3.1 6.1 -4 -0.08 0.65 1.5 1 0 -4 5 6 0 -5 0.99 -0.99 6 1 -3 8.1 0.95 
4 -3 4 2 -3.2 -0.24 -5 3 -0.95 -3.1 -3 6 -3.1 0.89 1 -2 0 4.3 2 3 -0.14 2 4.2 -3.8 6.1 1 2 -3 -1 -4 5 5.2 1.1 -5.2 1 7.1 -1 -1 -4.1 -4 3.1 6.1 -4.1 -0.16 1.8 1.1 1 0 -4 5 6 0 -5.1 0.97 -0.97 6.1 1 -3 8.1 0.89 
4 -3 4 2 -3.1 -0.21 -5 3 -0.96 -3.1 -3 6 -3.1 0.89 1 -2 0 4.3 2 3 -0.13 2 4.1 -3.9 6.1 1 2 -3 -1 -4 5 5.2 1.1 -5.2 1 7.1 -1 -1 -4.1 -4 3.1 6.1 -4.1 -0.17 1.8 1.1 1 0 -4 5 6 0 -5.1 0.97 -0.97 6.1 1 -3 8.1 0.89 
4 -3 4 2 -3.1 -0.18 -5 3 -0.96 -3.1 -3 6 -3.1 0.89 1 -2 0 4.2 2 3 -0.12 2 4.1 -3.9 6.1 1 2 -3 -1 -4 5 5.2 1.1 -5.2 1 7.1 -1 -1 -4.1 -4 3.1 6.1 -4.1 -0.17 1.8 1.1 1 0 -4 5 6 0 -5.1 0.97 -0.97 6.1 1 -3 8.1 0.89 
4 -3 4 2 -3.1 -0.15 -5 3 -0.97 -3.1 -3 6 -3.1 0.89 1 -2 0 4.2 2 3 -0.1 2 4.1 -3.9 6.1 1 2 -3 -1 -4 5 5.1 1.1 -5.2 1 7.1 -1 -1 -4.1 -4 3.1 6.1 -4.1 -0.17 1.9 1 1 0 -4 5 6 0 -5.1 0.97 -0.97 6.1 1 -3 8.1 0.89 
4 -3 4 2 -3.1 -0.12 -5 3 -0.97 -3.1 -3 6 -3.1 0.88 1 -2 0 4.2 2 3 -0.089 2 4.1 -3.9 6.1 1 2 -3 -1 -4 5 5.1 1.1 -5.2 1 7.1 -1 -1 -4.1 -4 3.1 6.1 -4.1 -0.17 1.9 1 1 0 -4 5 6 0 -5.1 0.97 -0.97 6.1 1 -3 8.1 0.88 
4 -3 4 2 -3 0 -5 3 -1.2 -2.3 -3 6 -3.1 0.85 1 -2 0 3.8 2 3 0.68 2 3.9 -4.1 6.2 1 2 -3 -1 -4 5.1 4.1 1.1 -5.2 1.1 7.2 -1 -1 -4.2 -4.1 2.5 5.5 -4.1 -0.22 2 1 1 0 -4 5 6 0 -5.2 0.95 -0.95 6.2 1 -3 8.1 0.85 
4 -3 4 2 -3 0 -5 3 -1.2 -2.3 -3 6 -3.1 0.85 1 -2 0 3.8 2 3 0.72 2 3.9 -4.1 6.2 1 2 -3 -1 -4 5.1 4.1 1.1 -5.2 1.1 7.2 -1 -1 -4.2 -4.1 2.5 5.5 -4.1 -0.22 2 1 1 0 -4 5 6 0 -5.2 0.95 -0.95 6.2 1 -3 8.1 0.85 
4 -3 4 2 -3 0 -5 3 -1.7 -1 -3 6 -3.1 0.88 1 -2 0 4 2 3 2 2 3.9 -4.2 6.2 1 2 -3 -1 -4 5.1 2.5 1.1 -5.2 1.1 7.3 -1 -1 -4.2 -4.1 1.7 4.7 -4.1 -0.18 2 1 1 0 -4 5 6 0 -5.2 0.93 -0.93 6.2 1 -3 8.1 0.88 
4 -3 4 2 -3 0 -5 3 -1.7 -0.98 -3 6 -3.1 0.88 1 -2 0 4.1 2 3 2 2 3.9 -4.2 6.2 1 2 -3 -1 -4 5.1 2.5 1.1 -5.2 1.1 7.3 -1 -1 -4.2 -4.1 1.7 4.7 -4.1 -0.18 2 1 1 0 -4 5 6 0 -5.2 0.93 -0.93 6.2 1 -3 8.1 0.88 
4 -3 4 2 -3 0 -5 3 -1.7 -0.93 -3 6 -3.1 0.88 1 -2 0 4.1 2 3 2.1 2 3.9 -4.2 6.2 1 2 -3 -1 -4 5.1 2.4 1.1 -5.2 1.1 7.3 -1 -1 -4.2 -4.1 1.6 4.6 -4.1 -0.18 2 1 1 0 -4 5 6 0 -5.2 0.93 -0.93 6.2 1 -3 8.1 0.88 
4 -3 4 2 -3 0 -5 3 -1.7 -0.89 -3 6 -3.1 0.88 1 -2 0 4.1 2 3 2.1 2 3.9 -4.2 6.2 1 2 -3 -1 -4 5.1 2.3 1.1 -5.2 1.1 7.3 -1 -1 -4.2 -4.1 1.6 4.6 -4.1 -0.17 2 1 1 0 -4 5 6 0 -5.2 0.93 -0.93 6.2 1 -3 8.1 0.88 
4 -3 4 2 -3 0 -5 3 -2 0 -3 6 -3 1 1 -2 0 4 2 3 3 2 4 -4.2 6.2 1 2 -3 -1 -4 5 0.97 1 -5 1.1 7.3 -1 -1 -4.2 -4.1 1 4 -4 0.014 2 1 1 0 -4 5 6 0 -5.2 0.93 -0.93 6.2 1 -3 8 1 
4 -3 4 2 -3 0 -5 3 -2 0 -3 6 -2.4 1.6 1 -2 0 3.1 2 3 3 2 4.1 -4.2 6.2 1 2 -3 -1 -4 4.4 0.077 0.69 -4.1 1.1 7.3 -1 -1 -4.2 -4.1 1 4 -3.7 0.94 2 1 1 0 -4 5 6 0 -5.2 0.93 -0.93 6.2 1 -3 7.5 1.7 
4 -3 4 2 -3 0 -5 3 -2 0 -3 6 -2.3 1.7 1 -2 0 3 2 3 3 2 4.1 -4.2 6.2 1 2 -3 -1 -4 4.3 0.048 0.67 -4 1.1 7.3 -1 -1 -4.2 -4.1 1 4 -3.7 0.99 2 1 1 0 -4 5 6 0 -5.2 0.93 -0.93 6.2 1 -3 7.4 1.7 
4 -3 4 2 -3 0 -5 3 -2 0 -3 6 -2.3 1.7 1 -2 0 3 2 3 3 2 4.1 -4.2 6.2 1 2 -3 -1 -4 4.3 0.018 0.66 -4 1.1 7.3 -1 -1 -4.2 -4.1 1 4 -3.7 1 2 1 1 0 -4 5 6 0 -5.2 0.93 -0.93 6.2 1 -3 7.4 1.8 
4 -3 4 2 -3 0 -5 3 -2 0 -3 6 -2.3 1.7 1 -2 0 2.9 2 3 3 2 4.1 -4.2 6.2 1 2 -3 -1 -4 4.3 -0.01 0.64 -3.9 1.1 7.3 -1 -1 -4.2 -4.1 1 4 -3.6 1.1 2 1 1 0 -4 5 6 0 -5.2 0.94 -0.94 6.2 1 -3 7.4 1.8 
4 -3 4 2 -3 0 -5 3 -2 0 -3 6 -2.2 1.8 1 -2 0 2.9 2 3 3 2 4.1 -4.2 6.2 1 2 -3 -1 -4 4.2 -0.039 0.62 -3.9 1.1 7.3 -1 -1 -4.2 -4.1 1 4 -3.6 1.1 2 1 1 0 -4 5 6 0 -5.2 0.94 -0.94 6.2 1 -3 7.3 1.8 
4 -3 4 2 -3 0 -5 3 -2 0 -3 6 -2.2 1.8 1 -2 0 2.8 2 3 3 2 4.1 -4.2 6.2 1 2 -3 -1 -4 4.2 -0.067 0.61 -3.8 1.1 7.3 -1 -1 -4.2 -4.1 1 4 -3.6 1.2 2 1 1 0 -4 5 6 0 -5.2 0.94 -0.94 6.2 1 -3 7.3 1.9 
4 -3 4 2 -3 0 -5 3 -2 0 -3 6 -2.2 1.8 1 -2 0 2.8 2 3 3 2 4.1 -4.2 6.2 1 2 -3 -1 -4 4.2 -0.095 0.59 -3.8 1.1 7.3 -1 -1 -4.2 -4.1 1 4 -3.6 1.2 2 1 1 0 -4 5 6 0 -5.2 0.94 -0.94 6.2 1 -3 7.3 1.9 
4 -3 4 2 -3 0 -5 3 -2 0 -3 6 -2.2 1.8 1 -2 0 2.7 2 3 3 2 4.1 -4.2 6.2 1 2 -3 -1 -4 4.2 -0.12 0.58 -3.7 1.1 7.2 -1 -1 -4.2 -4.1 1 4 -3.6 1.3 2 1 1 0 -4 5 6 0 -5.2 0.94 -0.94 6.2 1 -3 7.3 2 
4 -3 4 2 -3 0 -5 3 -2 0 -3 6 -2.1 1.9 1 -2 0 2.7 2 3 3 2 4.1 -4.2 6.2 1 2 -3 -1 -4 4.1 -0.15 0.56 -3.7 1.1 7.2 -1 -1 -4.2 -4.1 1 4 -3.6 1.3 2 1 1 0 -4 5 6 0 -5.2 0.94 -0.94 6.2 1 -3 7.2 2 
4 -3 4 2 -3 0 -5 3 -2 0 -3 6 -2.1 1.9 1 -2 0 2.6 2 3 3 2 4.1 -4.2 6.2 1 2 -3 -1 -4 4.1 -0.18 0.55 -3.6 1.1 7.2 -1 -1 -4.2 -4.1 1 4 -3.5 1.4 2 1 1 0 -4 5 6 0 -5.2 0.94 -0.94 6.2 1 -3 7.2 2 
4 -3 4 2 -3 0 -5 3 -2 0 -3 6 -2.1 1.9 1 -2 0 2.6 2 3 3 2 4.1 -4.2 6.2 1 2 -3 -1 -4 4.1 -0.2 0.53 -3.6 1.1 7.2 -1 -1 -4.2 -4.1 1 4 -3.5 1.4 2 1 1 0 -4 5 6 0 -5.2 0.94 -0.94 6.2 1 -3 7.2 2.1 
4 -3 4 2 -3 0 -5 3 -2 0 -3 6 -2 2 1 -2 0 2.5 2 3 3 2 4.1 -4.2 6.2 1 2 -3 -1 -4 4 -0.23 0.51 -3.5 1.1 7.2 -1 -1 -4.2 -4.1 1 4 -3.5 1.5 2 1 1 0 -4 5 6 0 -5.2 0.94 -0.94 6.2 1 -3 7.2 2.1 
4 -3 4 2 -3 0 -5 3 -2 0 -3 6 -2 2 1 -2 0 2.5 2 3 3 2 4.1 -4.2 6.2 1 2 -3 -1 -4 4 -0.25 0.5 -3.5 1.1 7.2 -1 -1 -4.2 -4.1 1 4 -3.5 1.5 2 1 1 0 -4 5 6 0 -5.2 0.94 -0.94 6.2 1 -3 7.1 2.1 
4 -3 4 2 -3 0 -5 3 -2 0 -3 6 -2 2 1 -2 0 2.4 2 3 3 2 4.1 -4.2 6.2 1 2 -3 -1 -4 4 -0.28 0.48 -3.4 1.1 7.2 -1 -1 -4.2 -4.1 1 4 -3.5 1.6 2 1 1 0 -4 5 6 0 -5.2 0.94 -0.94 6.2 1 -3 7.1 2.2 
4 -3 4 2 -3 0 -5 3 -2 0 -3 6 -1.9 2.1 1 -2 0 2.4 2 3 3 2 4.1 -4.2 6.2 1 2 -3 -1 -4 3.9 -0.3 0.47 -3.4 1.1 7.2 -1 -1 -4.2 -4.1 1 4 -3.5 1.6 2 1 1 0 -4 5 6 0 -5.2 0.94 -0.94 6.2 1 -3 7.1 2.2 
4 -3 4 2 -3 0 -5 3 -2 0 -3 6 -1.2 2.8 1 -2 0 1.3 2 3 3 2 4.1 -4.1 6.1 1 2 -3 -1 -4 3.2 -0.84 0.094 -2.3 1 7.1 -1 -1 -4.1 -4 1 4 -3.1 2.7 2 1 1 0 -4 5 6 0 -5.1 0.98 -0.98 6.1 1 -3 6.3 2.9 
4 -3 4 2 -3 0 -5 3 -2 0 -3 6 -1.2 2.8 1 -2 0 1.3 2 3 3 2 4.1 -4.1 6.1 1 2 -3 -1 -4 3.2 -0.86 0.083 -2.3 1 7.1 -1 -1 -4.1 -4 1 4 -3.1 2.7 2 1 1 0 -4 5 6 0 -5.1 0.98 -0.98 6.1 1 -3 6.3 2.9 
4 -3 4 2 -3 0 -5 3 -2 0 -3 6 -1.1 2.9 1 -2 0 1.2 2 3 3 2 4 -4.1 6.1 1 2 -3 -1 -4 3.1 -0.88 0.073 -2.2 1 7.1 -1 -1 -4.1 -4 1 4 -3.1 2.8 2 1 1 0 -4 5 6 0 -5.1 0.98 -0.98 6.1 1 -3 6.2 2.9 
4 -3 4 2 -3 0 -5 3 -2 0 -3 6 -1.1 2.9 1 -2 0 1.2 2 3 3 2 4 -4 6 1 2 -3 -1 -4 3.1 -0.89 0.063 -2.2 1 7.1 -1 -1 -4 -4 1 4 -3.1 2.8 2 1 1 0 -4 5 6 0 -5 0.98 -0.98 6 1 -3 6.2 3 
4 -3 4 2 -3 0 -5 3 -2 0 -3 6 -1.1 2.9 1 -2 0 1.2 2 3 3 2 4 -4 6 1 2 -3 -1 -4 3.1 -0.91 0.054 -2.2 1 7.1 -1 -1 -4 -4 1 4 -3.1 2.8 2 1 1 0 -4 5 6 0 -5 0.99 -0.99 6 1 -3 6.2 3 
4 -3 4 2 -3 0 -5 3 -2 0 -3 6 -1.1 2.9 1 -2 0 1.1 2 3 3 2 4 -4 6 1 2 -3 -1 -4 3.1 -0.92 0.045 -2.1 1 7 -1 -1 -4 -4 1 4 -3 2.9 2 1 1 0 -4 5 6 0 -5 0.99 -0.99 6 1 -3 6.2 3 
4 -3 4 2 -3 0 -5 3 -2 0 -3 6 -1.1 2.9 1 -2 0 1.1 2 3 3 2 4 -4 6 1 2 -3 -1 -4 3.1 -0.93 0.036 -2.1 1 7 -1 -1 -4 -4 1 4 -3 2.9 2 1 1 0 -4 5 6 0 -5 0.99 -0.99 6 1 -3 6.1 3 
4 -3 4 2 -3 0 -5 3 -2 0 -3 6 -1.1 2.9 1 -2 0 1.1 2 3 3 2 4 -4 6 1 2 -3 -1 -4 3.1 -0.95 0.028 -2.1 1 7 -1 -1 -4 -4 1 4 -3 2.9 2 1 1 0 -4 5 6 0 -5 0.99 -0.99 6 1 -3 6.1 3 
4 -3 4 2 -3 0 -5 3 -2 0 -3 6 -1 3 1 -2 0 1.1 2 3 3 2 4 -4 6 1 2 -3 -1 -4 3 -0.96 0.02 -2.1 1 7 -1 -1 -4 -4 1 4 -3 2.9 2 1 1 0 -4 5 6 0 -5 0.99 -0.99 6 1 -3 6.1 3 
4 -3 4 2 -3 0 -5 3 -2 0 -3 6 -1 3 1 -2 0 1 2 3 3 2 4 -4 6 1 2 -3 -1 -4 3 -0.98 0.012 -2 1 7 -1 -1 -4 -4 1 4 -3 3 2 1 1 0 -4 5 6 0 -5 1 -1 6 1 -3 6 3 
4 -3 4 2 -3 0 -5 3 -2 0 -3 6 -1 3 1 -2 0 1 2 3 3 2 4 -4 6 1 2 -3 -1 -4 3 -0.99 0.0056 -2 1 7 -1 -1 -4 -4 1 4 -3 3 2 1 1 0 -4 5 6 0 -5 1 -1 6 1 -3 6 3 
4 -3 4 2 -3 0 -5 3 -2 0 -3 6 -1 3 1 -2 0 1 2 3 3 2 4 -4 6 1 2 -3 -1 -4 3 -1 0 -2 1 7 -1 -1 -4 -4 1 4 -3 3 2 1 1 0 -4 5 6 0 -5 1 -1 6 1 -3 6 3 
4 -3 4 2 -3 0 -5 3 -2 0 -3 6 -1 3 1 -2 0 1 2 3 3 2 4 -4 6 1 2 -3 -1 -4 3 -1 0 -2 0.99 7 -1 -1 -4 -4 1 4 -3 3 2 1 1 0 -4 5 6 0 -5 1 -1 6 1 -3 6 3 
4 -3 4 2 -3 0 -5 3 -2 0 -3 6 -1 3 1 -2 0 1 2 3 3 2 4 -4 6 1 2 -3 -1 -4 3 -1 0 -2 0.99 6.9 -1 -1 -4 -4 1 4 -3 3 2 1 1 0 -4 5 6 0 -5 1 -1 6 1 -3 5.9 3 
4 -3 4 2 -3 0 -5 3 -2 0 -3 6 -1 3 1 -2 0 1 2 3 3 2 4 -4 5.9 1 2 -3 -1 -4 3 -1 0 -2 0.98 6.9 -1 -1 -3.9 -4 1 4 -3 3 2 1 1 0 -4 5 6 0 -4.9 1 -1 5.9 1 -3 5.9 3 
4 -3 4 2 -3 0 -5 3 -2 0 -3 6 -1 3 1 -2 0 1 2 3 3 2 3.9 -3.9 5.9 1 2 -3 -1 -4 3 -1 0 -2 0.97 6.9 -1 -1 -3.9 -4 1 4 -3 3 2 1 1 0 -4 5 6 0 -4.9 1 -1 5.9 1 -3 5.9 3 
4 -3 4 2 -3 0 -5 3 -2 0 -3 6 -1 3 1 -2 0 1 2 3 3 2 3.9 -3.9 5.9 1 2 -3 -1 -4 3 -1 0 -2 0.96 6.8 -1 -1 -3.9 -4 1 4 -3 3 2 1 1 0 -4 5 6 0 -4.9 1 -1 5.9 1 -3 5.9 3 
4 -3 4 2 -3 0 -5 3 -2 0 -3 6 -1 3 1 -2 0 1 2 3 3 2 3.9 -3.9 5.9 1 2 -3 -1 -4 3 -1 0 -2 0.95 6.8 -1 -1 -3.9 -4 1 4 -3 3 2 1 1 0 -4 5 6 0 -4.9 1 -1 5.9 1 -3 5.8 3 
4 -3 4 2 -3 0 -5 3 -2 0 -3 6 -1 3 1 -2 0 1 2 3 3 2 3.9 -3.9 5.8 1 2 -3 -1 -4 3 -1 0 -2 0.94 6.8 -1 -1 -3.8 -3.9 1 4 -3 3 2 1 1 0 -4 5 6 0 -4.8 1.1 -1.1 5.8 1 -3 5.8 3 
4 -3 4 2 -3 0 -5 3 -2 0 -3 6 -1 3 1 -2 0 1 2 3 3 2 3.9 -3.9 5.8 1 2 -3 -1 -4 3 -1 0 -2 0.93 6.7 -1 -1 -3.8 -3.9 1 4 -3 3 2 1 1 0 -4 5 6 0 -4.8 1.1 -1.1 5.8 1 -3 5.8 3 
4 -3 4 2 -3 0 -5 3 -2 0 -3 6 -1 3 1 -2 0 1 2 3 3 2 3.8 -3.8 5.8 1 2 -3 -1 -4 3 -1 0 -2 0.92 6.7 -1 -1 -3.8 -3.9 1 4 -3 3 2 1 1 0 -4 5 6 0 -4.8 1.1 -1.1 5.8 1 -3 5.8 2.9 
4 -3 4 2 -3 0 -5 3 -2 0 -3 6 -1 3 1 -2 0 1 2 3 3 2 3.8 -3.8 5.7 1 2 -3 -1 -4 3 -1 0 -2 0.91 6.7 -1 -1 -3.7 -3.9 1 4 -3 3 2 1 1 0 -4 5 6 0 -4.7 1.1 -1.1 5.7 1 -3 5.7 2.9 
4 -3 4 2 -3 0 -5 3 -2 0 -3 6 -1 3 1 -2 0 1 2 3 3 2 3.8 -3.8 5.7 1 2 -3 -1 -4 3 -1 0 -2 0.9 6.6 -1 -1 -3.7 -3.9 1 4 -3 3 2 1 1 0 -4 5 6 0 -4.7 1.1 -1.1 5.7 1 -3 5.7 2.9 
4 -3 4 2 -3 0 -5 3 -2 0 -3 6 -1 3 1 -2 0 1 2 3 3 2 3.8 -3.8 5.7 1 2 -3 -1 -4 3 -1 0 -2 0.89 6.6 -1 -1 -3.7 -3.9 1 4 -3 3 2 1 1 0 -4 5 6 0 -4.7 1.1 -1.1 5.7 1 -3 5.7 2.9 
4 -3 4 2 -3 0 -5 3 -2 0 -3 6 -1 3 1 -2 0 1 2 3 3 2 3 -3 4.5 1 2 -3 -1 -4 3 -1 0 -2 0.5 5 -1 -1 -2.5 -3.5 1 4 -3 3 2 1 1 0 -4 5 6 0 -3.5 1.5 -1.5 4.5 1 -3 4.9 2.1 
4 -3 4 2 -3 0 -5 3 -2 0 -3 6 -1 3 1 -2 0 1 2 3 3 2 2.2 -2.2 3.4 1 2 -3 -1 -4 3 -1 0 -2 0.12 3.5 -1 -1 -1.4 -3.1 1 4 -3 3 2 1 1 0 -4 5 6 0 -2.4 1.9 -1.9 3.4 1 -3 4.2 1.3 
4 -3 4 2 -3 0 -5 3 -2 0 -3 6 -1 3 1 -2 0 1 2 3 3 2 2.2 -2.2 3.3 1 2 -3 -1 -4 3 -1 0 -2 0.11 3.4 -1 -1 -1.3 -3.1 1 4 -3 3 2 1 1 0 -4 5 6 0 -2.3 1.9 -1.9 3.3 1 -3 4.2 1.2 
4 -3 4 2 -3 0 -5 3 -2 0 -3 6 -1 3 1 -2 0 1 2 3 3 2 2.2 -2.2 3.3 1 2 -3 -1 -4 3 -1 0 -2 0.095 3.4 -1 -1 -1.3 -3.1 1 4 -3 3 2 1 1 0 -4 5 6 0 -2.3 1.9 -1.9 3.3 1 -3 4.2 1.2 
4 -3 4 2 -3 0 -5 3 -2 0 -3 6 -1 3 1 -2 0 1 2 3 3 2 2.2 -2.2 3.3 1 2 -3 -1 -4 3 -1 0 -2 0.084 3.3 -1 -1 -1.3 -3.1 1 4 -3 3 2 1 1 0 -4 5 6 0 -2.3 1.9 -1.9 3.3 1 -3 4.2 1.2 
4 -3 4 2 -3 0 -5 3 -2 0 -3 6 -1 3 1 -2 0 1 2 3 3 2 2.1 -2.1 3.2 1 2 -3 -1 -4 3 -1 0 -2 0.074 3.3 -1 -1 -1.2 -3.1 1 4 -3 3 2 1 1 0 -4 5 6 0 -2.2 1.9 -1.9 3.2 1 -3 4.1 1.2 
4 -3 4 2 -3 0 -5 3 -2 0 -3 6 -1 3 1 -2 0 1 2 3 3 2 2.1 -2.1 3.2 1 2 -3 -1 -4 3 -1 0 -2 0.063 3.3 -1 -1 -1.2 -3.1 1 4 -3 3 2 1 1 0 -4 5 6 0 -2.2 1.9 -1.9 3.2 1 -3 4.1 1.1 
4 -3 4 2 -3 0 -5 3 -2 0 -3 6 -1 3 1 -2 0 1 2 3 3 2 2.1 -2.1 3.2 1 2 -3 -1 -4 3 -1 0 -2 0.054 3.2 -1 -1 -1.2 -3.1 1 4 -3 3 2 1 1 0 -4 5 6 0 -2.2 1.9 -1.9 3.2 1 -3 4.1 1.1 
4 -3 4 2 -3 0 -5 3 -2 0 -3 6 -1 3 1 -2 0 1 2 3 3 2 2.1 -2.1 3.1 1 2 -3 -1 -4 3 -1 0 -2 0.044 3.2 -1 -1 -1.1 -3 1 4 -3 3 2 1 1 0 -4 5 6 0 -2.1 2 -2 3.1 1 -3 4.1 1.1 
4 -3 4 2 -3 0 -5 3 -2 0 -3 6 -1 3 1 -2 0 1 2 3 3 2 2.1 -2.1 3.1 1 2 -3 -1 -4 3 -1 0 -2 0.035 3.1 -1 -1 -1.1 -3 1 4 -3 3 2 1 1 0 -4 5 6 0 -2.1 2 -2 3.1 1 -3 4.1 1.1 
4 -3 4 2 -3 0 -5 3 -2 0 -3 6 -1 3 1 -2 0 1 2 3 3 2 2.1 -2.1 3.1 1 2 -3 -1 -4 3 -1 0 -2 0.028 3.1 -1 -1 -1.1 -3 1 4 -3 3 2 1 1 0 -4 5 6 0 -2.1 2 -2 3.1 1 -3 4.1 1.1 
4 -3 4 2 -3 0 -5 3 -2 0 -3 6 -1 3 1 -2 0 1 2 3 3 2 2 -2 3.1 1 2 -3 -1 -4 3 -1 0 -2 0.02 3.1 -1 -1 -1.1 -3 1 4 -3 3 2 1 1 0 -4 5 6 0 -2.1 2 -2 3.1 1 -3 4 1 
4 -3 4 2 -3 0 -5 3 -2 0 -3 6 -1 3 1 -2 0 1 2 3 3 2 2 -2 3 1 2 -3 -1 -4 3 -1 0 -2 0.012 3 -1 -1 -1 -3 1 4 -3 3 2 1 1 0 -4 5 6 0 -2 2 -2 3 1 -3 4 1 
4 -3 4 2 -3 0 -5 3 -2 0 -3 6 -1 3 1 -2 0 1 2 3 3 2 2 -2 3 1 2 -3 -1 -4 3 -1 0 -2 0.0052 3 -1 -1 -1 -3 1 4 -3 3 2 1 1 0 -4 5 6 0 -2 2 -2 3 1 -3 4 1 
4 -3 4 2 -3 0 -5 3 -2 0 -3 6 -1 3 1 -2 0 1 2 3 3 2 2 -2 3 1 2 -3 -1 -4 3 -1 0 -2 0 3 -1 -1 -1 -3 1 4 -3 3 2 1 1 0 -4 5 6 0 -2 2 -2 3 1 -3 4 1 
4 -3 4 2 -3 0 -5 3 -2 0 -3 6 -1 3 1 -2 0 1 2 3 3 2 2 -2 3 1 2 -3 -1 -4 3 -1 0 -2 0 3 -1 -1 -1 -3 1 4 -3 3 2 1 1 0 -4 5 6 0 -2 2 -2 3 1 -3 4 1 
4 -3 4 2 -3 0 -5 3 -2 0 -3 6 -1 3 1 -2 0 1 2 3 3 2 2 -2 3 1 2 -3 -1 -4 3 -1 0 -2 0 3 -1 -1 -1 -3 1 4 -3 3 2 1 1 0 -4 5 6 0 -2 2 -2 3 1 -3 4 1 
4 -3 4 2 -3 0 -5 3 -2 0 -3 6 -1 3 1 -2 0 1 2 3 3 2 2 -2 3 1 2 -3 -1 -4 3 -1 0 -2 0 3 -1 -1 -1 -3 1 4 -3 3 2 1 1 0 -4 5 6 0 -2 2 -2 3 1 -3 4 1 
4 -3 4 2 -3 0 -5 3 -2 0 -3 6 -1 3 1 -2 0 1 2 3 3 2 2 -2 3 1 2 -3 -1 -4 3 -1 0 -2 0 3 -1 -1 -1 -3 1 4 -3 3 2 1 1 0 -4 5 6 0 -2 2 -2 3 1 -3 4 1 
4 -3 4 2 -3 0 -5 3 -2 0 -3 6 -1 3 1 -2 0 1 2 3 3 2 2 -2 3 1 2 -3 -1 -4 3 -1 0 -2 0 3 -1 -1 -1 -3 1 4 -3 3 2 1 1 0 -4 5 6 0 -2 2 -2 3 1 -3 4 1 
4 -3 4 2 -3 0 -5 3 -2 0 -3 6 -1 3 1 -2 0 1 2 3 3 2 2 -2 3 1 2 -3 -1 -4 3 -1 0 -2 0 3 -1 -1 -1 -3 1 4 -3 3 2 1 1 0 -4 5 6 0 -2 2 -2 3 1 -3 4 1 
4 -3 4 2 -3 0 -5 3 -2 0 -3 6 -1 3 1 -2 0 1 2 3 3 2 2 -2 3 1 2 -3 -1 -4 3 -1 0 -2 0 3 -1 -1 -1 -3 1 4 -3 3 2 1 1 0 -4 5 6 0 -2 2 -2 3 1 -3 4 1 
4 -3 4 2 -3 0 -5 3 -2 0 -3 6 -1 3 1 -2 0 1 2 3 3 2 2 -2 3 1 2 -3 -1 -4 3 -1 0 -2 0 3 -1 -1 -1 -3 1 4 -3 3 2 1 1 0 -4 5 6 0 -2 2 -2 3 1 -3 4 1 
4 -3 4 2 -3 0 -5 3 -2 0 -3 6 -1 3 1 -2 0 1 2 3 3 2 2 -2 3 1 2 -3 -1 -4 3 -1 0 -2 0 3 -1 -1 -1 -3 1 4 -3 3 2 1 1 0 -4 5 6 0 -2 2 -2 3 1 -3 4 1 
4 -3 4 2 -3 0 -5 3 -2 0 -3 6 -1 3 1 -2 0 1 2 3 3 2 2 -2 3 1 2 -3 -1 -4 3 -1 0 -2 0 3 -1 -1 -1 -3 1 4 -3 3 2 1 1 0 -4 5 6 0 -2 2 -2 3 1 -3 4 1 
4 -3 4 2 -3 0 -5 3 -2 0 -3 6 -1 3 1 -2 0 1 2 3 3 2 2 -2 3 1 2 -3 -1 -4 3 -1 0 -2 0 3 -1 -1 -1 -3 1 4 -3 3 2 1 1 0 -4 5 6 0 -2 2 -2 3 1 -3 4 1 
4 -3 4 2 -3 0 -5 3 -2 0 -3 6 -1 3 1 -2 0 1 2 3 3 2 2 -2 3 1 2 -3 -1 -4 3 -1 0 -2 0 3 -1 -1 -1 -3 1 4 -3 3 2 1 1 0 -4 5 6 0 -2 2 -2 3 1 -3 4 1 
4 -3 4 2 -3 0 -5 3 -2 0 -3 6 -1 3 1 -2 0 1 2 3 3 2 2 -2 3 1 2 -3 -1 -4 3 -1 0 -2 0 3 -1 -1 -1 -3 1 4 -3 3 2 1 1 0 -4 5 6 0 -2 2 -2 3 1 -3 4 1 
4 -3 4 2 -3 0 -5 3 -2 0 -3 6 -1 3 1 -2 0 1 2 3 3 2 2 -2 3 1 2 -3 -1 -4 3 -1 0 -2 0 3 -1 -1 -1 -3 1 4 -3 3 2 1 1 0 -4 5 6 0 -2 2 -2 3 1 -3 4 1 
4 -3 4 2 -3 0 -5 3 -2 0 -3 6 -1 3 1 -2 0 1 2 3 3 2 2 -2 3 1 2 -3 -1 -4 3 -1 0 -2 0 3 -1 -1 -1 -3 1 4 -3 3 2 1 1 0 -4 5 6 0 -2 2 -2 3 1 -3 4 1 
4 -3 4 2 -3 0 -5 3 -2 0 -3 6 -1 3 1 -2 0 1 2 3 3 2 2 -2 3 1 2 -3 -1 -4 3 -1 0 -2 0 3 -1 -1 -1 -3 1 4 -3 3 2 1 1 0 -4 5 6 0 -2 2 -2 3 1 -3 4 1 
4 -3 4 2 -3 0 -5 3 -2 0 -3 6 -1 3 1 -2 0 1 2 3 3 2 2 -2 3 1 2 -3 -1 -4 3 -1 0 -2 0 3 -1 -1 -1 -3 1 4 -3 3 2 1 1 0 -4 5 6 0 -2 2 -2 3 1 -3 4 1 
4 -3 4 2 -3 0 -5 3 -2 0 -3 6 -1 3 1 -2 0 1 2 3 3 2 2 -2 3 1 2 -3 -1 -4 3 -1 0 -2 0 3 -1 -1 -1 -3 1 4 -3 3 2 1 1 0 -4 5 6 0 -2 2 -2 3 1 -3 4 1 
4 -3 4 2 -3 0 -5 3 -2 0 -3 6 -1 3 1 -2 0 1 2 3 3 2 2 -2 3 1 2 -3 -1 -4 3 -1 0 -2 0 3 -1 -1 -1 -3 1 4 -3 3 2 1 1 0 -4 5 6 0 -2 2 -2 3 1 -3 4 1 
4 -3 4 2 -3 0 -5 3 -2 0 -3 6 -1 3 1 -2 0 1 2 3 3 2 2 -2 3 1 2 -3 -1 -4 3 -1 0 -2 0 3 -1 -1 -1 -3 1 4 -3 3 2 1 1 0 -4 5 6 0 -2 2 -2 3 1 -3 4 1 
4 -3 4 2 -3 0 -5 3 -2 0 -3 6 -1 3 1 -2 0 1 2 3 3 2 2 -2 3 1 2 -3 -1 -4 3 -1 0 -2 0 3 -1 -1 -1 -3 1 4 -3 3 2 1 1 0 -4 5 6 0 -2 2 -2 3 1 -3 4 1 
4 -3 4 2 -3 0 -5 3 -2 0 -3 6 -1 3 1 -2 0 1 2 3 3 2 2 -2 3 1 2 -3 -1 -4 3 -1 0 -2 0 3 -1 -1 -1 -3 1 4 -3 3 2 1 1 0 -4 5 6 0 -2 2 -2 3 1 -3 4 1 
4 -3 4 2 -3 0 -5 3 -2 0 -3 6 -1 3 1 -2 0 1 2 3 3 2 2 -2 3 1 2 -3 -1 -4 3 -1 0 -2 0 3 -1 -1 -1 -3 1 4 -3 3 2 1 1 0 -4 5 6 0 -2 2 -2 3 1 -3 4 1 
4 -3 4 2 -3 0 -5 3 -2 0 -3 6 -1 3 1 -2 0 1 2 3 3 2 2 -2 3 1 2 -3 -1 -4 3 -1 0 -2 0 3 -1 -1 -1 -3 1 4 -3 3 2 1 1 0 -4 5 6 0 -2 2 -2 3 1 -3 4 1 
4 -3 4 2 -3 0 -5 3 -2 0 -3 6 -1 3 1 -2 0 1 2 3 3 2 2 -2 3 1 2 -3 -1 -4 3 -1 0 -2 0 3 -1 -1 -1 -3 1 4 -3 3 2 1 1 0 -4 5 6 0 -2 2 -2 3 1 -3 4 1 
4 -3 4 2 -3 0 -5 3 -2 0 -3 6 -1 3 1 -2 0 1 2 3 3 2 2 -2 3 1 2 -3 -1 -4 3 -1 0 -2 0 3 -1 -1 -1 -3 1 4 -3 3 2 1 1 0 -4 5 6 0 -2 2 -2 3 1 -3 4 1 
4 -3 4 2 -3 0 -5 3 -2 0 -3 6 -1 3 1 -2 0 1 2 3 3 2 2 -2 3 1 2 -3 -1 -4 3 -1 0 -2 0 3 -1 -1 -1 -3 1 4 -3 3 2 1 1 0 -4 5 6 0 -2 2 -2 3 1 -3 4 1 
4 -3 4 2 -3 0 -5 3 -2 0 -3 6 -1 3 1 -2 0 1 2 3 3 2 2 -2 3 1 2 -3 -1 -4 3 -1 0 -2 0 3 -1 -1 -1 -3 1 4 -3 3 2 1 1 0 -4 5 6 0 -2 2 -2 3 1 -3 4 1 
4 -3 4 2 -3 0 -5 3 -2 0 -3 6 -1 3 1 -2 0 1 2 3 3 2 2 -2 3 1 2 -3 -1 -4 3 -1 0 -2 0 3 -1 -1 -1 -3 1 4 -3 3 2 1 1 0 -4 5 6 0 -2 2 -2 3 1 -3 4 1 
4 -3 4 2 -3 0 -5 3 -2 0 -3 6 -1 3 1 -2 0 1 2 3 3 2 2 -2 3 1 2 -3 -1 -4 3 -1 0 -2 0 3 -1 -1 -1 -3 1 4 -3 3 2 1 1 0 -4 5 6 0 -2 2 -2 3 1 -3 4 1 
4 -3 4 2 -3 0 -5 3 -2 0 -3 6 -1 3 1 -2 0 1 2 3 3 2 2 -2 3 1 2 -3 -1 -4 3 -1 0 -2 0 3 -1 -1 -1 -3 1 4 -3 3 2 1 1 0 -4 5 6 0 -2 2 -2 3 1 -3 4 1 
4 -3 4 2 -3 0 -5 3 -2 0 -3 6 -1 3 1 -2 0 1 2 3 3 2 2 -2 3 1 2 -3 -1 -4 3 -1 0 -2 0 3 -1 -1 -1 -3 1 4 -3 3 2 1 1 0 -4 5 6 0 -2 2 -2 3 1 -3 4 1 
4 -3 4 2 -3 0 -5 3 -2 0 -3 6 -1 3 1 -2 0 1 2 3 3 2 2 -2 3 1 2 -3 -1 -4 3 -1 0 -2 0 3 -1 -1 -1 -3 1 4 -3 3 2 1 1 0 -4 5 6 0 -2 2 -2 3 1 -3 4 1 
4 -3 4 2 -3 0 -5 3 -2 0 -3 6 -1 3 1 -2 0 1 2 3 3 2 2 -2 3 1 2 -3 -1 -4 3 -1 0 -2 0 3 -1 -1 -1 -3 1 4 -3 3 2 1 1 0 -4 5 6 0 -2 2 -2 3 1 -3 4 1 
4 -3 4 2 -3 0 -5 3 -2 0 -3 6 -1 3 1 -2 0 1 2 3 3 2 2 -2 3 1 2 -3 -1 -4 3 -1 0 -2 0 3 -1 -1 -1 -3 1 4 -3 3 2 1 1 0 -4 5 6 0 -2 2 -2 3 1 -3 4 1 
4 -3 4 2 -3 0 -5 3 -2 0 -3 6 -1 3 1 -2 0 1 2 3 3 2 2 -2 3 1 2 -3 -1 -4 3 -1 0 -2 0 3 -1 -1 -1 -3 1 4 -3 3 2 1 1 0 -4 5 6 0 -2 2 -2 3 1 -3 4 1 
4 -3 4 2 -3 0 -5 3 -2 0 -3 6 -1 3 1 -2 0 1 2 3 3 2 2 -2 3 1 2 -3 -1 -4 3 -1 0 -2 0 3 -1 -1 -1 -3 1 4 -3 3 2 1 1 0 -4 5 6 0 -2 2 -2 3 1 -3 4 1 
4 -3 4 2 -3 0 -5 3 -2 0 -3 6 -1 3 1 -2 0 1 2 3 3 2 2 -2 3 1 2 -3 -1 -4 3 -1 0 -2 0 3 -1 -1 -1 -3 1 4 -3 3 2 1 1 0 -4 5 6 0 -2 2 -2 3 1 -3 4 1 
4 -3 4 2 -3 0 -5 3 -2 0 -3 6 -1 3 1 -2 0 1 2 3 3 2 2 -2 3 1 2 -3 -1 -4 3 -1 0 -2 0 3 -1 -1 -1 -3 1 4 -3 3 2 1 1 0 -4 5 6 0 -2 2 -2 3 1 -3 4 1 
4 -3 4 2 -3 0 -5 3 -2 0 -3 6 -1 3 1 -2 0 1 2 3 3 2 2 -2 3 1 2 -3 -1 -4 3 -1 0 -2 0 3 -1 -1 -1 -3 1 4 -3 3 2 1 1 0 -4 5 6 0 -2 2 -2 3 1 -3 4 1 
4 -3 4 2 -3 0 -5 3 -2 0 -3 6 -1 3 1 -2 0 1 2 3 3 2 2 -2 3 1 2 -3 -1 -4 3 -1 0 -2 0 3 -1 -1 -1 -3 1 4 -3 3 2 1 1 0 -4 5 6 0 -2 2 -2 3 1 -3 4 1 
4 -3 4 2 -3 0 -5 3 -2 0 -3 6 -1 3 1 -2 0 1 2 3 3 2 2 -2 3 1 2 -3 -1 -4 3 -1 0 -2 0 3 -1 -1 -1 -3 1 4 -3 3 2 1 1 0 -4 5 6 0 -2 2 -2 3 1 -3 4 1 
