-1 4 
-1.3 3.8 
-1.3 3.8 
-1.3 3.8 
-1.3 3.8 
-1.3 3.8 
-1.6 3.4 
-1.6 3.4 
-1.6 3.4 
-1.6 3.1 
-1.6 3.1 
-1.6 3.1 
-1.6 3.1 
-1.6 3.1 
-1.6 3.1 
-1.6 3.1 
-1.6 3.1 
-1.6 3.1 
-1.6 3.1 
-1.6 3.1 
-1.6 3.1 
-1.6 3.1 
-1.6 3.1 
-1.6 3.1 
-1.6 3.1 
-1.6 3.1 
-1.6 3.1 
-1.6 3.1 
-1.6 3.1 
-1.6 3.1 
-1.6 3.1 
-1.6 3.1 
-1.6 3.1 
-1.6 3.1 
-1.6 3.1 
-1.6 3.1 
-1.6 3.1 
-1.6 3.1 
-1.6 3.1 
-1.6 3.1 
-1.6 3.1 
-1.6 3.1 
-1.6 3.1 
-1.6 3.1 
-1.6 3.1 
-1.6 3.1 
-1.6 3.1 
-1.6 3.1 
-1.6 3.1 
-1.6 3.1 
-1.6 3.1 
-1.6 3.1 
-1.6 3.1 
-1.6 3.1 
-1.6 3.1 
-1.6 3.1 
-1.6 3.1 
-1.6 3.1 
-1.6 3.1 
-1.6 3.1 
-1.6 3.1 
-1.6 3.1 
-1.6 3.1 
-1.6 3.1 
-1.6 3.1 
-1.6 3.1 
-1.6 3.1 
-1.6 3.1 
-1.6 3.1 
-1.6 3.1 
-1.6 3.1 
-1.6 3.1 
-1.6 3.1 
-1.6 3.1 
-1.6 3.1 
-1.6 3.1 
