-1 4 
-1 4 
-1 4 
-1 4 
-1 4 
-1 4 
-1 4 
-1 4 
-1 4 
-1 4 
-1.1 4 
-1.1 4 
-1.1 4 
-1.1 4 
-1.1 3.9 
-1.1 3.9 
-1.2 3.9 
-1.2 3.9 
-1.2 3.9 
-1.2 3.9 
-1.2 3.8 
-1.3 3.8 
-1.3 3.8 
-1.3 3.8 
-1.3 3.8 
-1.4 3.7 
-1.4 3.7 
-1.4 3.7 
-1.4 3.7 
-1.5 3.7 
-1.5 3.6 
-1.5 3.6 
-1.5 3.6 
-1.5 3.6 
-1.6 3.6 
-1.6 3.5 
-1.6 3.5 
-1.6 3.5 
-1.6 3.5 
-1.6 3.5 
-1.6 3.5 
-1.6 3.5 
-1.6 3.5 
-1.6 3.5 
-1.6 3.5 
-1.6 3.5 
-1.6 3.5 
-1.6 3.5 
-1.6 3.5 
-1.6 3.5 
-1.6 3.5 
-1.6 3.5 
-1.6 3.5 
-1.6 3.5 
-1.6 3.5 
-1.6 3.5 
-1.6 3.5 
-1.6 3.5 
-1.6 3.5 
-1.6 3.5 
-1.6 3.5 
-1.6 3.5 
-1.6 3.5 
-1.6 3.5 
-1.6 3.5 
-1.6 3.5 
-1.6 3.5 
-1.6 3.5 
-1.6 3.5 
-1.6 3.5 
-1.6 3.5 
-1.6 3.5 
-1.6 3.5 
-1.6 3.5 
-1.6 3.5 
-1.6 3.5 
-1.6 3.5 
-1.6 3.5 
-1.6 3.5 
-1.6 3.5 
-1.6 3.5 
-1.6 3.5 
-1.6 3.5 
-1.6 3.5 
-1.6 3.5 
-1.6 3.5 
-1.6 3.5 
-1.6 3.5 
-1.6 3.5 
-1.6 3.5 
-1.6 3.5 
-1.6 3.5 
-1.6 3.5 
-1.6 3.5 
-1.6 3.5 
-1.6 3.5 
-1.6 3.5 
-1.6 3.5 
-1.6 3.5 
-1.6 3.5 
-1.6 3.5 
-1.6 3.5 
-1.6 3.5 
-1.6 3.5 
-1.6 3.5 
-1.6 3.5 
-1.6 3.5 
-1.6 3.5 
-1.6 3.5 
-1.6 3.5 
-1.6 3.5 
-1.6 3.5 
-1.6 3.5 
-1.6 3.5 
-1.6 3.5 
-1.6 3.5 
-1.6 3.5 
-1.6 3.5 
-1.6 3.5 
-1.6 3.5 
-1.6 3.5 
-1.6 3.5 
-1.6 3.5 
-1.6 3.5 
-1.6 3.5 
-1.6 3.5 
-1.6 3.5 
-1.6 3.5 
-1.6 3.5 
-1.6 3.5 
-1.6 3.5 
-1.6 3.5 
-1.6 3.5 
-1.6 3.5 
-1.6 3.5 
-1.6 3.5 
-1.6 3.5 
-1.6 3.5 
-1.6 3.5 
-1.6 3.5 
-1.6 3.5 
-1.6 3.5 
-1.6 3.5 
-1.6 3.5 
-1.6 3.5 
-1.6 3.5 
-1.6 3.5 
-1.6 3.5 
-1.6 3.5 
-1.6 3.5 
-1.6 3.5 
-1.6 3.5 
-1.6 3.5 
-1.6 3.5 
-1.6 3.5 
-1.6 3.5 
-1.6 3.5 
-1.6 3.5 
-1.6 3.5 
-1.6 3.5 
-1.6 3.5 
-1.6 3.5 
-1.6 3.5 
-1.6 3.5 
-1.6 3.5 
-1.6 3.5 
-1.6 3.5 
-1.6 3.5 
-1.6 3.5 
-1.6 3.5 
-1.6 3.5 
-1.6 3.5 
-1.6 3.5 
-1.6 3.5 
-1.6 3.5 
-1.6 3.5 
-1.6 3.5 
-1.6 3.5 
-1.6 3.5 
-1.6 3.5 
-1.6 3.5 
-1.6 3.5 
-1.6 3.5 
-1.6 3.5 
-1.6 3.5 
-1.6 3.5 
-1.6 3.5 
-1.6 3.5 
-1.6 3.5 
-1.6 3.5 
-1.6 3.5 
-1.6 3.5 
-1.6 3.5 
-1.6 3.5 
-1.6 3.5 
-1.6 3.5 
-1.6 3.5 
-1.6 3.5 
-1.6 3.5 
-1.6 3.5 
-1.6 3.5 
-1.6 3.5 
-1.6 3.5 
-1.6 3.5 
-1.6 3.5 
-1.6 3.5 
-1.6 3.5 
-1.6 3.5 
-1.6 3.5 
-1.6 3.5 
-1.6 3.5 
-1.6 3.5 
-1.6 3.5 
-1.6 3.5 
-1.6 3.5 
-1.6 3.5 
-1.6 3.5 
-1.6 3.5 
-1.6 3.5 
-1.6 3.5 
-1.6 3.5 
-1.6 3.5 
-1.6 3.5 
-1.6 3.5 
-1.6 3.5 
-1.6 3.5 
-1.6 3.5 
-1.6 3.5 
-1.6 3.5 
-1.6 3.5 
-1.6 3.5 
-1.6 3.5 
-1.6 3.5 
-1.6 3.5 
-1.6 3.5 
-1.6 3.5 
-1.6 3.5 
-1.6 3.5 
-1.6 3.5 
-1.6 3.5 
-1.6 3.5 
-1.6 3.5 
-1.6 3.5 
-1.6 3.5 
-1.6 3.5 
-1.6 3.5 
-1.6 3.5 
-1.6 3.5 
-1.6 3.5 
-1.6 3.5 
-1.6 3.5 
-1.6 3.5 
-1.6 3.5 
-1.6 3.5 
