-4 -2 
-4 -2 
-4 -2 
-4 -2 
-4 -2 
-4 -2 
-4 -2 
-4 -1.9 
-4 -1.9 
-4 -1.9 
-4 -1.9 
-4 -1.8 
-4 -1.8 
-3.9 -1.8 
-3.9 -1.8 
-3.9 -1.7 
-3.9 -1.7 
-3.9 -1.7 
-3.9 -1.6 
-3.9 -1.6 
-3.9 -1.6 
-3.9 -1.5 
-3.9 -1.5 
-3.9 -1.5 
-3.9 -1.5 
-3.8 -1.4 
-3.8 -1.4 
-3.8 -1.4 
-3.8 -1.3 
-3.8 -1.3 
-3.8 -1.3 
-3.8 -1.3 
-3.8 -1.2 
-3.8 -1.2 
-3.8 -1.2 
-3.8 -1.2 
-3.8 -1.2 
-3.8 -1.2 
-3.8 -1.2 
-3.8 -1.2 
-3.8 -1.2 
-3.8 -1.2 
-3.8 -1.2 
-3.8 -1.2 
-3.8 -1.2 
-3.8 -1.2 
-3.8 -1.2 
-3.8 -1.2 
-3.8 -1.2 
-3.8 -1.2 
-3.8 -1.2 
-3.8 -1.2 
-3.8 -1.2 
-3.8 -1.2 
-3.8 -1.2 
-3.8 -1.2 
-3.8 -1.2 
-3.8 -1.2 
-3.8 -1.2 
-3.8 -1.2 
-3.8 -1.2 
-3.8 -1.2 
-3.8 -1.2 
-3.8 -1.2 
-3.8 -1.2 
-3.8 -1.2 
-3.8 -1.2 
-3.8 -1.2 
-3.8 -1.2 
-3.8 -1.2 
-3.8 -1.2 
-3.8 -1.2 
-3.8 -1.2 
-3.8 -1.2 
-3.8 -1.2 
-3.8 -1.2 
-3.8 -1.2 
-3.8 -1.2 
-3.8 -1.2 
-3.8 -1.2 
-3.8 -1.2 
-3.8 -1.2 
-3.8 -1.2 
-3.8 -1.2 
-3.8 -1.2 
-3.8 -1.2 
-3.8 -1.2 
-3.8 -1.2 
-3.8 -1.2 
-3.8 -1.2 
-3.8 -1.2 
-3.8 -1.2 
-3.8 -1.2 
-3.8 -1.2 
-3.8 -1.2 
-3.8 -1.2 
-3.8 -1.2 
-3.8 -1.2 
-3.8 -1.2 
-3.8 -1.2 
-3.8 -1.2 
-3.8 -1.2 
-3.8 -1.2 
-3.8 -1.2 
-3.8 -1.2 
-3.8 -1.2 
-3.8 -1.2 
-3.8 -1.2 
-3.8 -1.2 
-3.8 -1.2 
-3.8 -1.2 
-3.8 -1.2 
-3.8 -1.2 
-3.8 -1.2 
-3.8 -1.2 
-3.8 -1.2 
-3.8 -1.2 
-3.8 -1.2 
-3.8 -1.2 
-3.8 -1.2 
-3.8 -1.2 
-3.8 -1.2 
-3.8 -1.2 
-3.8 -1.2 
-3.8 -1.2 
-3.8 -1.2 
-3.8 -1.2 
-3.8 -1.2 
-3.8 -1.2 
-3.8 -1.2 
-3.8 -1.2 
-3.8 -1.2 
-3.8 -1.2 
-3.8 -1.2 
-3.8 -1.2 
-3.8 -1.2 
-3.8 -1.2 
-3.8 -1.2 
-3.8 -1.2 
-3.8 -1.2 
-3.8 -1.2 
-3.8 -1.2 
-3.8 -1.2 
-3.8 -1.2 
-3.8 -1.2 
-3.8 -1.2 
-3.8 -1.2 
-3.8 -1.2 
-3.8 -1.2 
-3.8 -1.2 
-3.8 -1.2 
-3.8 -1.2 
-3.8 -1.2 
-3.8 -1.2 
-3.8 -1.2 
-3.8 -1.2 
-3.8 -1.2 
-3.8 -1.2 
-3.8 -1.2 
-3.8 -1.2 
-3.8 -1.2 
-3.8 -1.2 
-3.8 -1.2 
-3.8 -1.2 
-3.8 -1.2 
-3.8 -1.2 
-3.8 -1.2 
-3.8 -1.2 
-3.8 -1.2 
-3.8 -1.2 
-3.8 -1.2 
-3.8 -1.2 
-3.8 -1.2 
-3.8 -1.2 
-3.8 -1.2 
-3.8 -1.2 
-3.8 -1.2 
-3.8 -1.2 
-3.8 -1.2 
-3.8 -1.2 
-3.8 -1.2 
-3.8 -1.2 
-3.8 -1.2 
-3.8 -1.2 
-3.8 -1.2 
-3.8 -1.2 
-3.8 -1.2 
-3.8 -1.2 
-3.8 -1.2 
-3.8 -1.2 
-3.8 -1.2 
-3.8 -1.2 
-3.8 -1.2 
-3.8 -1.2 
-3.8 -1.2 
-3.8 -1.2 
-3.8 -1.2 
-3.8 -1.2 
-3.8 -1.2 
-3.8 -1.2 
-3.8 -1.2 
-3.8 -1.2 
-3.8 -1.2 
-3.8 -1.2 
-3.8 -1.2 
-3.8 -1.2 
-3.8 -1.2 
-3.8 -1.2 
-3.8 -1.2 
-3.8 -1.2 
-3.8 -1.2 
-3.8 -1.2 
-3.8 -1.2 
-3.8 -1.2 
-3.8 -1.2 
-3.8 -1.2 
-3.8 -1.2 
-3.8 -1.2 
-3.8 -1.2 
-3.8 -1.2 
-3.8 -1.2 
-3.8 -1.2 
-3.8 -1.2 
-3.8 -1.2 
-3.8 -1.2 
-3.8 -1.2 
-3.8 -1.2 
-3.8 -1.2 
-3.8 -1.2 
-3.8 -1.2 
-3.8 -1.2 
-3.8 -1.2 
-3.8 -1.2 
-3.8 -1.2 
-3.8 -1.2 
-3.8 -1.2 
-3.8 -1.2 
-3.8 -1.2 
-3.8 -1.2 
-3.8 -1.2 
-3.8 -1.2 
-3.8 -1.2 
-3.8 -1.2 
-3.8 -1.2 
-3.8 -1.2 
-3.8 -1.2 
-3.8 -1.2 
-3.8 -1.2 
-3.8 -1.2 
-3.8 -1.2 
-3.8 -1.2 
-3.8 -1.2 
-3.8 -1.2 
-3.8 -1.2 
