0 -7.6e-07 
0 -1.1e-06 
0 -2.6e-06 
0 -7.3e-05 
-0.0098 -0.85 
-0.0099 -0.87 
-0.0099 -0.87 
-0.0099 -0.87 
-0.0099 -0.87 
-0.0099 -0.87 
-0.0099 -0.87 
-0.0099 -0.87 
-0.0099 -0.87 
-0.0099 -0.87 
-0.0099 -0.87 
-0.0099 -0.87 
-0.0099 -0.87 
-0.0099 -0.87 
-0.0099 -0.87 
-0.0099 -0.87 
-0.0099 -0.87 
-0.0099 -0.87 
-0.0099 -0.87 
-0.0099 -0.87 
-0.01 -0.87 
-0.01 -0.87 
-0.01 -0.87 
-0.01 -0.87 
-0.01 -0.87 
-0.01 -0.87 
-0.01 -0.87 
-0.01 -0.87 
-0.01 -0.87 
-0.01 -0.87 
-0.01 -0.87 
-0.01 -0.87 
-0.01 -0.87 
-0.01 -0.87 
-0.01 -0.87 
-0.01 -0.87 
-0.01 -0.87 
-0.01 -0.87 
-0.01 -0.87 
-0.01 -0.87 
-0.01 -0.87 
-0.01 -0.87 
-0.01 -0.87 
-0.01 -0.87 
-0.01 -0.87 
-0.01 -0.87 
-0.01 -0.87 
-0.01 -0.87 
-0.01 -0.87 
-0.01 -0.87 
-0.01 -0.87 
-0.01 -0.87 
-0.01 -0.87 
-0.01 -0.87 
-0.01 -0.87 
-0.01 -0.87 
-0.01 -0.87 
-0.01 -0.87 
-0.01 -0.87 
-0.01 -0.87 
-0.01 -0.87 
-0.01 -0.87 
-0.01 -0.87 
-0.01 -0.87 
-0.01 -0.87 
-0.01 -0.87 
-0.01 -0.87 
-0.01 -0.87 
-0.01 -0.87 
-0.01 -0.87 
-0.01 -0.87 
-0.01 -0.87 
