-8e-08 8 -3 6 8 -2 -4 6 -8e-08 -3 -5 3 -6 0 5 5 4 8 1 -2 -8 -3 -1 -3 2 -3 -4 -4 -8e-08 3 -1 -4 4 -3 6 1 6 4 2 3 5 9 -7 -1 -1 2 7 0 4 9 6 0 -5 1 -1 6 1 -3 7 -2 
-8e-08 8 -3 6 8 -2 -4 6 -8e-08 -3 -5 3 -6 0 5 5 4 8 1 -2 -8 -3 -1 -3 2 -3 -4 -4 -8e-08 3 -1 -4 4 -3 6 1 6 4 2 3 5 9 -7 -1 -1 2 7 0 4 9 6 0 -5 1 -1 6 1 -3 7 -2 
-8e-08 8 -3 6 8 -2 -4 6 -8e-08 -3 -5 3 -6 0 5 5 4 8 1 -2 -8 -3 -1 -3 2 -3 -4 -4 -8e-08 3 -1 -4 4 -3 6 1 6 4 2 3 5 9 -7 -1 -1 2 7 0 4 9 6 0 -5 1 -1 6 1 -3 7 -2 
-8e-08 8 -3 6 8 -2 -4 6 -8e-08 -3 -5 3 -6 0 5 5 4 8 1 -2 -8 -3 -1 -3 2 -3 -4 -4 -8e-08 3 -1 -4 4 -3 6 1 6 4 2 3 5 9 -7 -1 -1 2 7 0 4 9 6 0 -5 1 -1 6 1 -3 7 -2 
-8e-08 8 -3 6 8 -2 -4 6 -8e-08 -3 -5 3 -6 0 5 5 4 8 1 -2 -8 -3 -1 -3 2 -3 -4 -4 -8e-08 3 -1 -4 4 -3 6 1 6 4 2 3 5 9 -7 -1 -1 2 7 0 4 9 6 0 -5 1 -1 6 1 -3 7 -2 
-8e-08 8 -3 6 8 -2 -4 6 -8e-08 -3 -5 3 -6 0 5 5 4 8 1 -2 -8 -3 -1 -3 2 -3 -4 -4 -8e-08 3 -1 -4 4 -3 6 1 6 4 2 3 5 9 -7 -1 -1 2 7 0 4 9 6 0 -5 1 -1 6 1 -3 7 -2 
-8e-08 8 -3 6 8 -2 -4 6 -8e-08 -3 -5 3 -6 0 5 5 4 8 1 -2 -8 -3 -1 -3 2 -3 -4 -4 -8e-08 3 -1 -4 4 -3 6 1 6 4 2 3 5 9 -7 -1 -1 2 7 0 4 9 6 0 -5 1 -1 6 1 -3 7 -2 
-8e-08 8 -3 6 8 -2 -4 6 -8e-08 -3 -5 3 -6 0 5 5 4 8 1 -2 -8 -3 -1 -3 2 -3 -4 -4 -8e-08 3 -1 -4 4 -3 6 1 6 4 2 3 5 9 -7 -1 -1 2 7 0 4 9 6 0 -5 1 -1 6 1 -3 7 -2 
-8e-08 8 -3 6 8 -2 -4 6 -8e-08 -3 -5 3 -6 0 5 5 4 8 1 -2 -8 -3 -1 -3 2 -3 -4 -4 -8e-08 3 -1 -4 4 -3 6 1 6 4 2 3 5 9 -7 -1 -1 2 7 0 4 9 6 0 -5 1 -1 6 1 -3 7 -2 
-8e-08 8 -3 6 8 -2 -4 6 -8e-08 -3 -5 3 -6 0 5 5 4 8 1 -2 -8 -3 -1 -3 2 -3 -4 -4 -8e-08 3 -1 -4 4 -3 6 1 6 4 2 3 5 9 -7 -1 -1 2 7 0 4 9 6 0 -5 1 -1 6 1 -3 7 -2 
-8e-08 8 -3 6 8 -2 -4 6 -8e-08 -3 -5 3 -6 0 5 5 4 8 1 -2 -8 -3 -1 -3 2 -3 -4 -4 -8e-08 3 -1 -4 4 -3 6 1 6 4 2 3 5 9 -7 -1 -1 2 7 0 4 9 6 0 -5 1 -1 6 1 -3 7 -2 
-8e-08 8 -3 6 8 -2 -4 6 -8e-08 -3 -5 3 -6 0 5 5 4 8 1 -2 -8 -3 -1 -3 2 -3 -4 -4 -8e-08 3 -1 -4 4 -3 6 1 6 4 2 3 5 9 -7 -1 -1 2 7 0 4 9 6 0 -5 1 -1 6 1 -3 7 -2 
-8e-08 8 -3 6 8 -2 -4 6 -8e-08 -3 -5 3 -6 0 5 5 4 8 1 -2 -8 -3 -1 -3 2 -3 -4 -4 -8e-08 3 -1 -4 4 -3 6 1 6 4 2 3 5 9 -7 -1 -1 2 7 0 4 9 6 0 -5 1 -1 6 1 -3 7 -2 
-8e-08 8 -3 6 8 -2 -4 6 -8e-08 -3 -5 3 -6 0 5 5 4 8 1 -2 -8 -3 -1 -3 2 -3 -4 -4 -8e-08 3 -1 -4 4 -3 6 1 6 4 2 3 5 9 -7 -1 -1 2 7 0 4 9 6 0 -5 1 -1 6 1 -3 7 -2 
-8e-08 8 -3 6 8 -2 -4 6 -8e-08 -3 -5 3 -6 0 5 5 4 8 1 -2 -8 -3 -1 -3 2 -3 -4 -4 -8e-08 3 -1 -4 4 -3 6 1 6 4 2 3 5 9 -7 -1 -1 2 7 0 4 9 6 0 -5 1 -1 6 1 -3 7 -2 
-8e-08 8 -3 6 8 -2 -4 6 -8e-08 -3 -5 3 -6 0 5 5 4 8 1 -2 -8 -3 -1 -3 2 -3 -4 -4 -8e-08 3 -1 -4 4 -3 6 1 6 4 2 3 5 9 -7 -1 -1 2 7 0 4 9 6 0 -5 1 -1 6 1 -3 7 -2 
-8e-08 8 -3 6 8 -2 -4 6 -8e-08 -3 -5 3 -6 0 5 5 4 8 1 -2 -8 -3 -1 -3 2 -3 -4 -4 -8e-08 3 -1 -4 4 -3 6 1 6 4 2 3 5 9 -7 -1 -1 2 7 0 4 9 6 0 -5 1 -1 6 1 -3 7 -2 
-8e-08 8 -3 6 8 -2 -4 6 -8e-08 -3 -5 3 -6 0 5 5 4 8 1 -2 -8 -3 -1 -3 2 -3 -4 -4 -8e-08 3 -1 -4 4 -3 6 1 6 4 2 3 5 9 -7 -1 -1 2 7 0 4 9 6 0 -5 1 -1 6 1 -3 7 -2 
-8e-08 8 -3 6 8 -2 -4 6 -8e-08 -3 -5 3 -6 0 5 5 4 8 1 -2 -8 -3 -1 -3 2 -3 -4 -4 -8e-08 3 -1 -4 4 -3 6 1 6 4 2 3 5 9 -7 -1 -1 2 7 0 4 9 6 0 -5 1 -1 6 1 -3 7 -2 
-8e-08 8 -3 6 8 -2 -4 6 -8e-08 -3 -5 3 -6 0 5 5 4 8 1 -2 -8 -3 -1 -3 2 -3 -4 -4 -8e-08 3 -1 -4 4 -3 6 1 6 4 2 3 5 9 -7 -1 -1 2 7 0 4 9 6 0 -5 1 -1 6 1 -3 7 -2 
-8e-08 8 -3 6 8 -2 -4 6 -8e-08 -3 -5 3 -6 0 5 5 4 8 1 -2 -8 -3 -1 -3 2 -3 -4 -4 -8e-08 3 -1 -4 4 -3 6 1 6 4 2 3 5 9 -7 -1 -1 2 7 0 4 9 6 0 -5 1 -1 6 1 -3 7 -2 
-8e-08 8 -3 6 8 -2 -4 6 -8e-08 -3 -5 3 -6 0 5 5 4 8 1 -2 -8 -3 -1 -3 2 -3 -4 -4 -8e-08 3 -1 -4 4 -3 6 1 6 4 2 3 5 9 -7 -1 -1 2 7 0 4 9 6 0 -5 1 -1 6 1 -3 7 -2 
-8e-08 8 -3 6 8 -2 -4 6 -8e-08 -3 -5 3 -6 0 5 5 4 8 1 -2 -8 -3 -1 -3 2 -3 -4 -4 -8e-08 3 -1 -4 4 -3 6 1 6 4 2 3 5 9 -7 -1 -1 2 7 0 4 9 6 0 -5 1 -1 6 1 -3 7 -2 
-8e-08 8 -3 6 8 -2 -4 6 -8e-08 -3 -5 3 -6 0 5 5 4 8 1 -2 -8 -3 -1 -3 2 -3 -4 -4 -8e-08 3 -1 -4 4 -3 6 1 6 4 2 3 5 9 -7 -1 -1 2 7 0 4 9 6 0 -5 1 -1 6 1 -3 7 -2 
-8e-08 8 -3 6 8 -2 -4 6 -8e-08 -3 -5 3 -6 0 5 5 4 8 1 -2 -8 -3 -1 -3 2 -3 -4 -4 -8e-08 3 -1 -4 4 -3 6 1 6 4 2 3 5 9 -7 -1 -1 2 7 0 4 9 6 0 -5 1 -1 6 1 -3 7 -2 
-8e-08 8 -3 6 8 -2 -4 6 -8e-08 -3 -5 3 -6 0 5 5 4 8 1 -2 -8 -3 -1 -3 2 -3 -4 -4 -8e-08 3 -1 -4 4 -3 6 1 6 4 2 3 5 9 -7 -1 -1 2 7 0 4 9 6 0 -5 1 -1 6 1 -3 7 -2 
-8e-08 8 -3 6 8 -2 -4 6 -8e-08 -3 -5 3 -6 0 5 5 4 8 1 -2 -8 -3 -1 -3 2 -3 -4 -4 -8e-08 3 -1 -4 4 -3 6 1 6 4 2 3 5 9 -7 -1 -1 2 7 0 4 9 6 0 -5 1 -1 6 1 -3 7 -2 
-8e-08 8 -3 6 8 -2 -4 6 -8e-08 -3 -5 3 -6 0 5 5 4 8 1 -2 -8 -3 -1 -3 2 -3 -4 -4 -8e-08 3 -1 -4 4 -3 6 1 6 4 2 3 5 9 -7 -1 -1 2 7 0 4 9 6 0 -5 1 -1 6 1 -3 7 -2 
-8e-08 8 -3 6 8 -2 -4 6 -8e-08 -3 -5 3 -6 0 5 5 4 8 1 -2 -8 -3 -1 -3 2 -3 -4 -4 -8e-08 3 -1 -4 4 -3 6 1 6 4 2 3 5 9 -7 -1 -1 2 7 0 4 9 6 0 -5 1 -1 6 1 -3 7 -2 
-8e-08 8 -3 6 8 -2 -4 6 -8e-08 -3 -5 3 -6 0 5 5 4 8 1 -2 -8 -3 -1 -3 2 -3 -4 -4 -8e-08 3 -1 -4 4 -3 6 1 6 4 2 3 5 9 -7 -1 -1 2 7 0 4 9 6 0 -5 1 -1 6 1 -3 7 -2 
-8e-08 8 -3 6 8 -2 -4 6 -8e-08 -3 -5 3 -6 0 5 5 4 8 1 -2 -8 -3 -1 -3 2 -3 -4 -4 -8e-08 3 -1 -4 4 -3 6 1 6 4 2 3 5 9 -7 -1 -1 2 7 0 4 9 6 0 -5 1 -1 6 1 -3 7 -2 
-8e-08 8 -3 6 8 -2 -4 6 -8e-08 -3 -5 3 -6 0 5 5 4 8 1 -2 -8 -3 -1 -3 2 -3 -4 -4 -8e-08 3 -1 -4 4 -3 6 1 6 4 2 3 5 9 -7 -1 -1 2 7 0 4 9 6 0 -5 1 -1 6 1 -3 7 -2 
-8e-08 8 -3 6 8 -2 -4 6 -8e-08 -3 -5 3 -6 0 5 5 4 8 1 -2 -8 -3 -1 -3 2 -3 -4 -4 -8e-08 3 -1 -4 4 -3 6 1 6 4 2 3 5 9 -7 -1 -1 2 7 0 4 9 6 0 -5 1 -1 6 1 -3 7 -2 
-8e-08 8 -3 6 8 -2 -4 6 -8e-08 -3 -5 3 -6 0 5 5 4 8 1 -2 -8 -3 -1 -3 2 -3 -4 -4 -8e-08 3 -1 -4 4 -3 6 1 6 4 2 3 5 9 -7 -1 -1 2 7 0 4 9 6 0 -5 1 -1 6 1 -3 7 -2 
-8e-08 8 -3 6 8 -2 -4 6 -8e-08 -3 -5 3 -6 0 5 5 4 8 1 -2 -8 -3 -1 -3 2 -3 -4 -4 -8e-08 3 -1 -4 4 -3 6 1 6 4 2 3 5 9 -7 -1 -1 2 7 0 4 9 6 0 -5 1 -1 6 1 -3 7 -2 
-8e-08 8 -3 6 8 -2 -4 6 -8e-08 -3 -5 3 -6 0 5 5 4 8 1 -2 -8 -3 -1 -3 2 -3 -4 -4 -8e-08 3 -1 -4 4 -3 6 1 6 4 2 3 5 9 -7 -1 -1 2 7 0 4 9 6 0 -5 1 -1 6 1 -3 7 -2 
-8e-08 8 -3 6 8 -2 -4 6 -8e-08 -3 -5 3 -6 0 5 5 4 8 1 -2 -8 -3 -1 -3 2 -3 -4 -4 -8e-08 3 -1 -4 4 -3 6 1 6 4 2 3 5 9 -7 -1 -1 2 7 0 4 9 6 0 -5 1 -1 6 1 -3 7 -2 
-8e-08 8 -3 6 8 -2 -4 6 -8e-08 -3 -5 3 -6 0 5 5 4 8 1 -2 -8 -3 -1 -3 2 -3 -4 -4 -8e-08 3 -1 -4 4 -3 6 1 6 4 2 3 5 9 -7 -1 -1 2 7 0 4 9 6 0 -5 1 -1 6 1 -3 7 -2 
-8e-08 8 -3 6 8 -2 -4 6 -8e-08 -3 -5 3 -6 0 5 5 4 8 1 -2 -8 -3 -1 -3 2 -3 -4 -4 -8e-08 3 -1 -4 4 -3 6 1 6 4 2 3 5 9 -7 -1 -1 2 7 0 4 9 6 0 -5 1 -1 6 1 -3 7 -2 
-8e-08 8 -3 6 8 -2 -4 6 -8e-08 -3 -5 3 -6 0 5 5 4 8 1 -2 -8 -3 -1 -3 2 -3 -4 -4 -8e-08 3 -1 -4 4 -3 6 1 6 4 2 3 5 9 -7 -1 -1 2 7 0 4 9 6 0 -5 1 -1 6 1 -3 7 -2 
-8e-08 8 -3 6 8 -2 -4 6 -8e-08 -3 -5 3 -6 0 5 5 4 8 1 -2 -8 -3 -1 -3 2 -3 -4 -4 -8e-08 3 -1 -4 4 -3 6 1 6 4 2 3 5 9 -7 -1 -1 2 7 0 4 9 6 0 -5 1 -1 6 1 -3 7 -2 
-8e-08 8 -3 6 8 -2 -4 6 -8e-08 -3 -5 3 -6 0 5 5 4 8 1 -2 -8 -3 -1 -3 2 -3 -4 -4 -8e-08 3 -1 -4 4 -3 6 1 6 4 2 3 5 9 -7 -1 -1 2 7 0 4 9 6 0 -5 1 -1 6 1 -3 7 -2 
-8e-08 8 -3 6 8 -2 -4 6 -8e-08 -3 -5 3 -6 0 5 5 4 8 1 -2 -8 -3 -1 -3 2 -3 -4 -4 -8e-08 3 -1 -4 4 -3 6 1 6 4 2 3 5 9 -7 -1 -1 2 7 0 4 9 6 0 -5 1 -1 6 1 -3 7 -2 
-8e-08 8 -3 6 8 -2 -4 6 -8e-08 -3 -5 3 -6 0 5 5 4 8 1 -2 -8 -3 -1 -3 2 -3 -4 -4 -8e-08 3 -1 -4 4 -3 6 1 6 4 2 3 5 9 -7 -1 -1 2 7 0 4 9 6 0 -5 1 -1 6 1 -3 7 -2 
-8e-08 8 -3 6 8 -2 -4 6 -8e-08 -3 -5 3 -6 0 5 5 4 8 1 -2 -8 -3 -1 -3 2 -3 -4 -4 -8e-08 3 -1 -4 4 -3 6 1 6 4 2 3 5 9 -7 -1 -1 2 7 0 4 9 6 0 -5 1 -1 6 1 -3 7 -2 
-8e-08 8 -3 6 8 -2 -4 6 -8e-08 -3 -5 3 -6 0 5 5 4 8 1 -2 -8 -3 -1 -3 2 -3 -4 -4 -8e-08 3 -1 -4 4 -3 6 1 6 4 2 3 5 9 -7 -1 -1 2 7 0 4 9 6 0 -5 1 -1 6 1 -3 7 -2 
-8e-08 8 -3 6 8 -2 -4 6 -8e-08 -3 -5 3 -6 0 5 5 4 8 1 -2 -8 -3 -1 -3 2 -3 -4 -4 -8e-08 3 -1 -4 4 -3 6 1 6 4 2 3 5 9 -7 -1 -1 2 7 0 4 9 6 0 -5 1 -1 6 1 -3 7 -2 
-8e-08 8 -3 6 8 -2 -4 6 -8e-08 -3 -5 3 -6 0 5 5 4 8 1 -2 -8 -3 -1 -3 2 -3 -4 -4 -8e-08 3 -1 -4 4 -3 6 1 6 4 2 3 5 9 -7 -1 -1 2 7 0 4 9 6 0 -5 1 -1 6 1 -3 7 -2 
-8e-08 8 -3 6 8 -2 -4 6 -8e-08 -3 -5 3 -6 0 5 5 4 8 1 -2 -8 -3 -1 -3 2 -3 -4 -4 -8e-08 3 -1 -4 4 -3 6 1 6 4 2 3 5 9 -7 -1 -1 2 7 0 4 9 6 0 -5 1 -1 6 1 -3 7 -2 
-8e-08 8 -3 6 8 -2 -4 6 -8e-08 -3 -5 3 -6 0 5 5 4 8 1 -2 -8 -3 -1 -3 2 -3 -4 -4 -8e-08 3 -1 -4 4 -3 6 1 6 4 2 3 5 9 -7 -1 -1 2 7 0 4 9 6 0 -5 1 -1 6 1 -3 7 -2 
-8e-08 8 -3 6 8 -2 -4 6 -8e-08 -3 -5 3 -6 0 5 5 4 8 1 -2 -8 -3 -1 -3 2 -3 -4 -4 -8e-08 3 -1 -4 4 -3 6 1 6 4 2 3 5 9 -7 -1 -1 2 7 0 4 9 6 0 -5 1 -1 6 1 -3 7 -2 
-8e-08 8 -3 6 8 -2 -4 6 -8e-08 -3 -5 3 -6 0 5 5 4 8 1 -2 -8 -3 -1 -3 2 -3 -4 -4 -8e-08 3 -1 -4 4 -3 6 1 6 4 2 3 5 9 -7 -1 -1 2 7 0 4 9 6 0 -5 1 -1 6 1 -3 7 -2 
-8e-08 8 -3 6 8 -2 -4 6 -8e-08 -3 -5 3 -6 0 5 5 4 8 1 -2 -8 -3 -1 -3 2 -3 -4 -4 -8e-08 3 -1 -4 4 -3 6 1 6 4 2 3 5 9 -7 -1 -1 2 7 0 4 9 6 0 -5 1 -1 6 1 -3 7 -2 
-8e-08 8 -3 6 8 -2 -4 6 -8e-08 -3 -5 3 -6 0 5 5 4 8 1 -2 -8 -3 -1 -3 2 -3 -4 -4 -8e-08 3 -1 -4 4 -3 6 1 6 4 2 3 5 9 -7 -1 -1 2 7 0 4 9 6 0 -5 1 -1 6 1 -3 7 -2 
-8e-08 8 -3 6 8 -2 -4 6 -8e-08 -3 -5 3 -6 0 5 5 4 8 1 -2 -8 -3 -1 -3 2 -3 -4 -4 -8e-08 3 -1 -4 4 -3 6 1 6 4 2 3 5 9 -7 -1 -1 2 7 0 4 9 6 0 -5 1 -1 6 1 -3 7 -2 
-8e-08 8 -3 6 8 -2 -4 6 -8e-08 -3 -5 3 -6 0 5 5 4 8 1 -2 -8 -3 -1 -3 2 -3 -4 -4 -8e-08 3 -1 -4 4 -3 6 1 6 4 2 3 5 9 -7 -1 -1 2 7 0 4 9 6 0 -5 1 -1 6 1 -3 7 -2 
-8e-08 8 -3 6 8 -2 -4 6 -8e-08 -3 -5 3 -6 0 5 5 4 8 1 -2 -8 -3 -1 -3 2 -3 -4 -4 -8e-08 3 -1 -4 4 -3 6 1 6 4 2 3 5 9 -7 -1 -1 2 7 0 4 9 6 0 -5 1 -1 6 1 -3 7 -2 
-8e-08 8 -3 6 8 -2 -4 6 -8e-08 -3 -5 3 -6 0 5 5 4 8 1 -2 -8 -3 -1 -3 2 -3 -4 -4 -8e-08 3 -1 -4 4 -3 6 1 6 4 2 3 5 9 -7 -1 -1 2 7 0 4 9 6 0 -5 1 -1 6 1 -3 7 -2 
-8e-08 8 -3 6 8 -2 -4 6 -8e-08 -3 -5 3 -6 0 5 5 4 8 1 -2 -8 -3 -1 -3 2 -3 -4 -4 -8e-08 3 -1 -4 4 -3 6 1 6 4 2 3 5 9 -7 -1 -1 2 7 0 4 9 6 0 -5 1 -1 6 1 -3 7 -2 
-8e-08 8 -3 6 8 -2 -4 6 -8e-08 -3 -5 3 -6 0 5 5 4 8 1 -2 -8 -3 -1 -3 2 -3 -4 -4 -8e-08 3 -1 -4 4 -3 6 1 6 4 2 3 5 9 -7 -1 -1 2 7 0 4 9 6 0 -5 1 -1 6 1 -3 7 -2 
-8e-08 8 -3 6 8 -2 -4 6 -8e-08 -3 -5 3 -6 0 5 5 4 8 1 -2 -8 -3 -1 -3 2 -3 -4 -4 -8e-08 3 -1 -4 4 -3 6 1 6 4 2 3 5 9 -7 -1 -1 2 7 0 4 9 6 0 -5 1 -1 6 1 -3 7 -2 
-8e-08 8 -3 6 8 -2 -4 6 -8e-08 -3 -5 3 -6 0 5 5 4 8 1 -2 -8 -3 -1 -3 2 -3 -4 -4 -8e-08 3 -1 -4 4 -3 6 1 6 4 2 3 5 9 -7 -1 -1 2 7 0 4 9 6 0 -5 1 -1 6 1 -3 7 -2 
-8e-08 8 -3 6 8 -2 -4 6 -8e-08 -3 -5 3 -6 0 5 5 4 8 1 -2 -8 -3 -1 -3 2 -3 -4 -4 -8e-08 3 -1 -4 4 -3 6 1 6 4 2 3 5 9 -7 -1 -1 2 7 0 4 9 6 0 -5 1 -1 6 1 -3 7 -2 
-8e-08 8 -3 6 8 -2 -4 6 -8e-08 -3 -5 3 -6 0 5 5 4 8 1 -2 -8 -3 -1 -3 2 -3 -4 -4 -8e-08 3 -1 -4 4 -3 6 1 6 4 2 3 5 9 -7 -1 -1 2 7 0 4 9 6 0 -5 1 -1 6 1 -3 7 -2 
-8e-08 8 -3 6 8 -2 -4 6 -8e-08 -3 -5 3 -6 0 5 5 4 8 1 -2 -8 -3 -1 -3 2 -3 -4 -4 -8e-08 3 -1 -4 4 -3 6 1 6 4 2 3 5 9 -7 -1 -1 2 7 0 4 9 6 0 -5 1 -1 6 1 -3 7 -2 
-8e-08 8 -3 6 8 -2 -4 6 -8e-08 -3 -5 3 -6 0 5 5 4 8 1 -2 -8 -3 -1 -3 2 -3 -4 -4 -8e-08 3 -1 -4 4 -3 6 1 6 4 2 3 5 9 -7 -1 -1 2 7 0 4 9 6 0 -5 1 -1 6 1 -3 7 -2 
-8e-08 8 -3 6 8 -2 -4 6 -8e-08 -3 -5 3 -6 0 5 5 4 8 1 -2 -8 -3 -1 -3 2 -3 -4 -4 -8e-08 3 -1 -4 4 -3 6 1 6 4 2 3 5 9 -7 -1 -1 2 7 0 4 9 6 0 -5 1 -1 6 1 -3 7 -2 
-8e-08 8 -3 6 8 -2 -4 6 -8e-08 -3 -5 3 -6 0 5 5 4 8 1 -2 -8 -3 -1 -3 2 -3 -4 -4 -8e-08 3 -1 -4 4 -3 6 1 6 4 2 3 5 9 -7 -1 -1 2 7 0 4 9 6 0 -5 1 -1 6 1 -3 7 -2 
-8e-08 8 -3 6 8 -2 -4 6 -8e-08 -3 -5 3 -6 0 5 5 4 8 1 -2 -8 -3 -1 -3 2 -3 -4 -4 -8e-08 3 -1 -4 4 -3 6 1 6 4 2 3 5 9 -7 -1 -1 2 7 0 4 9 6 0 -5 1 -1 6 1 -3 7 -2 
-8e-08 8 -3 6 8 -2 -4 6 -8e-08 -3 -5 3 -6 0 5 5 4 8 1 -2 -8 -3 -1 -3 2 -3 -4 -4 -8e-08 3 -1 -4 4 -3 6 1 6 4 2 3 5 9 -7 -1 -1 2 7 0 4 9 6 0 -5 1 -1 6 1 -3 7 -2 
-8e-08 8 -3 6 8 -2 -4 6 -8e-08 -3 -5 3 -6 0 5 5 4 8 1 -2 -8 -3 -1 -3 2 -3 -4 -4 -8e-08 3 -1 -4 4 -3 6 1 6 4 2 3 5 9 -7 -1 -1 2 7 0 4 9 6 0 -5 1 -1 6 1 -3 7 -2 
-8e-08 8 -3 6 8 -2 -4 6 -8e-08 -3 -5 3 -6 0 5 5 4 8 1 -2 -8 -3 -1 -3 2 -3 -4 -4 -8e-08 3 -1 -4 4 -3 6 1 6 4 2 3 5 9 -7 -1 -1 2 7 0 4 9 6 0 -5 1 -1 6 1 -3 7 -2 
-8e-08 8 -3 6 8 -2 -4 6 -8e-08 -3 -5 3 -6 0 5 5 4 8 1 -2 -8 -3 -1 -3 2 -3 -4 -4 -8e-08 3 -1 -4 4 -3 6 1 6 4 2 3 5 9 -7 -1 -1 2 7 0 4 9 6 0 -5 1 -1 6 1 -3 7 -2 
-8e-08 8 -3 6 8 -2 -4 6 -8e-08 -3 -5 3 -6 0 5 5 4 8 1 -2 -8 -3 -1 -3 2 -3 -4 -4 -8e-08 3 -1 -4 4 -3 6 1 6 4 2 3 5 9 -7 -1 -1 2 7 0 4 9 6 0 -5 1 -1 6 1 -3 7 -2 
-8e-08 8 -3 6 8 -2 -4 6 -8e-08 -3 -5 3 -6 0 5 5 4 8 1 -2 -8 -3 -1 -3 2 -3 -4 -4 -8e-08 3 -1 -4 4 -3 6 1 6 4 2 3 5 9 -7 -1 -1 2 7 0 4 9 6 0 -5 1 -1 6 1 -3 7 -2 
